3.050951e-06 5.197215e-06 8.611088e-06 1.37903e-05 2.129794e-05
3.177087e-05 4.584808e-05 6.420722e-05 8.733549e-05 0.0001152002
0.0001475869 0.0001839172 0.0002232603 0.0002643435 0.0003055167
0.0003452674 0.0003822159 0.0004152701 0.0004435481 0.0004670693
0.0004863462 0.0005022678 0.0005160525 0.0005291333 0.0005431046
0.0005593416 0.0005790222 0.0006031234 0.0006324735 0.0006680322
0.0007101416 0.0007595021 0.0008170169 0.0008838755 0.000962173
0.00105345 0.00115939 0.001281577 0.001421073 0.001578626
0.00175344 0.001943096 0.002144849 0.002355314 0.002570787
0.002787367 0.003001654 0.003211373 0.003415449 0.003614268
0.003809882 0.004006479 0.004209207 0.004423829 0.004656021
0.004911308 0.005192749 0.00549988 0.005830267 0.006179035
0.006539402 0.006902808 0.007260491 0.007605083 0.007930733
0.008233559 0.008510629 0.008763633 0.008995149 0.0092087
0.009408421 0.009598421 0.009783091 0.009966075 0.01015016
0.01033754 0.01052986 0.01072834 0.01093304 0.01114363
0.01135925 0.01157858 0.01179993 0.0120212 0.0122403
0.01245495 0.01266254 0.01285949 0.01304191 0.01320585
0.01334698 0.01346123 0.01354476 0.01359465 0.0136123
0.01359977 0.01356092 0.01350091 0.01342497 0.01333936
0.01324765 0.01315132 0.01304956 0.01293915 0.01281571
0.01267501 0.01251327 0.012328 0.01211787 0.01188336
0.01162816 0.01135627 0.01107277 0.01078354 0.01049532
0.01021459 0.009946545 0.009694827 0.009460918 0.009244267
0.009040419 0.008843094 0.008645362 0.008440391 0.008222218
0.007986967 0.007734791 0.00746782 0.007190034 0.00690635
0.006621823 0.006340398 0.006064129 0.005793601 0.005528354
0.005267718 0.005011246 0.004759709 0.004515282 0.004281323
0.004062362 0.003863213 0.003686753 0.003535123 0.003408959
0.003307467 0.003229421 0.003170249 0.003126246 0.00309346
0.00306781 0.003045058 0.003020593 0.002990291 0.002950405
0.002897802 0.002829866 0.002745375 0.002645212 0.002530827
0.002404506 0.00226903 0.002127375 0.001982999 0.00183865
0.001696795 0.001559592 0.001429231 0.001307014 0.00119378
0.001089971 0.0009955618 0.0009103417 0.0008335919 0.0007642728
0.000701756 0.0006456317 0.0005957625 0.0005523687 0.000515072
0.0004836096 0.0004574299 0.0004356777 0.0004173559 0.0004010841
0.0003857749 0.0003706344 0.0003551972 0.0003393218 0.0003231745
0.0003070765 0.0002913529 0.0002762617 0.0002619522 0.0002484603
0.0002356388 0.000223322 0.0002113282 0.0001994925 0.0001876874
0.0001758436 0.0001639648 0.0001521241 0.0001404691 0.0001292502
0.000118806 0.0001094964 0.0001017073 9.5788e-05 9.201848e-05
9.056385e-05 9.118561e-05 9.353875e-05 9.71056e-05 0.0001012564
0.00010529 0.0001085846 0.0001107125 0.0001114301 0.0001106797
0.0001085213 0.0001051885 0.0001009598 9.607313e-05 9.075285e-05
8.52258e-05 7.977939e-05 7.475779e-05 7.055916e-05 6.760988e-05
6.630024e-05 6.700775e-05 6.967361e-05 7.404078e-05 7.959658e-05
8.561217e-05 9.11822e-05 9.537926e-05 9.750501e-05 9.708955e-05
9.395474e-05 8.818895e-05 8.018327e-05
