9.232905e-06 1.28431e-05 1.743689e-05 2.316546e-05 3.019186e-05
3.869799e-05 4.89131e-05 6.114322e-05 7.560694e-05 9.260174e-05
0.0001124208 0.0001353167 0.0001614559 0.0001909819 0.0002236297
0.0002589905 0.0002965136 0.0003355413 0.0003754147 0.0004156016
0.0004558315 0.0004962204 0.0005372484 0.0005796704 0.0006243724
0.000672196 0.0007239497 0.0007798146 0.000839789 0.0009037444
0.0009715936 0.001043473 0.00111998 0.001202068 0.001290757
0.001387206 0.001492389 0.001606928 0.001731028 0.001864872
0.002007532 0.002158458 0.002317202 0.002483519 0.002657402
0.002839263 0.00302939 0.003227962 0.003435214 0.003651199
0.003875719 0.004108324 0.00434836 0.004594338 0.004844887
0.005098587 0.005354155 0.005610626 0.005867506 0.006124839
0.006383124 0.006643096 0.006905489 0.007170793 0.007439086
0.007709851 0.00798183 0.008253401 0.008522595 0.008787238
0.009045073 0.009293428 0.009530317 0.009753931 0.009962752
0.01015582 0.01033294 0.01049461 0.01064255 0.01077986
0.01090961 0.0110347 0.01115732 0.01127839 0.01139707
0.01151103 0.01161691 0.0117111 0.01179053 0.01185346
0.01189945 0.01193038 0.01194965 0.01196062 0.01196607
0.01196748 0.01196457 0.01195492 0.01193536 0.01190229
0.01185285 0.01178562 0.01170121 0.01160196 0.01149272
0.01137899 0.0112658 0.01115708 0.01105508 0.01096005
0.01087033 0.01078252 0.01069302 0.01059854 0.0104967
0.01038627 0.010267 0.01014001 0.01000671 0.009868293
0.009725562 0.00957887 0.009428168 0.009273268 0.009114377
0.008951902 0.008786591 0.008619443 0.008451576 0.008284203
0.008118586 0.00795617 0.007798885 0.007649335 0.007510821
0.007387442 0.007283179 0.007199895 0.007137534 0.007092724
0.007058142 0.007022432 0.006969299 0.006881826 0.006743848
0.006542177 0.006268844 0.005922697 0.005508846 0.005042193
0.004543526 0.004034538 0.003536632 0.003068484 0.002644429
0.002275449 0.001962174 0.001702717 0.001492094 0.00132357
0.001189846 0.001084533 0.001000797 0.00093313 0.0008773862
0.0008301269 0.0007884482 0.0007498769 0.0007122561 0.0006738991
0.0006337618 0.0005913813 0.0005468814 0.0005009125 0.0004545626
0.0004092052 0.0003661311 0.0003264437 0.0002909365 0.0002600231
0.0002337868 0.0002119429 0.0001937314 0.0001784093 0.0001652056
0.0001534121 0.0001424512 0.000131925 0.0001216056 0.0001114603
0.0001015756 9.209871e-05 8.317845e-05 7.492937e-05 6.737473e-05
6.04265e-05 5.39594e-05 4.783206e-05 4.192765e-05 3.618562e-05
3.062859e-05 2.533522e-05 2.042962e-05 1.604537e-05 1.229874e-05
9.270746e-06 7.018983e-06 5.539009e-06 4.7845e-06 4.712569e-06
5.277115e-06 6.433929e-06 8.143148e-06 1.037707e-05 1.305843e-05
1.611523e-05 1.945064e-05 2.293819e-05 2.64207e-05 2.970257e-05
3.257514e-05 3.485164e-05 3.637518e-05 3.704543e-05 3.683652e-05
3.579799e-05 3.405594e-05 3.183481e-05 2.934883e-05 2.680052e-05
2.435394e-05 2.21175e-05 2.0147e-05 1.842286e-05 1.688915e-05
1.547465e-05 1.410841e-05 1.273457e-05
