0.0001893171 0.0002625695 0.0003577957 0.0004795674 0.0006327641
0.0008233247 0.001055039 0.001331221 0.001653439 0.002020755
0.002429338 0.002869518 0.003329025 0.003792724 0.004243939
0.004666235 0.005047816 0.005382111 0.005669127 0.005914998
0.006131883 0.006334463 0.006535901 0.006745555 0.006967135
0.007197108 0.007426082 0.007640996 0.007827512 0.007971413
0.008063872 0.008100945 0.008083988 0.008019452 0.007917385
0.007792357 0.007658332 0.007528278 0.007412956 0.00732031
0.007253812 0.007214315 0.007200575 0.007210394 0.007240957
0.007289038 0.007351654 0.00742526 0.007505279 0.00758549
0.007658683 0.007717214 0.007753829 0.007761963 0.00773824
0.007681863 0.007594422 0.007479751 0.007343052 0.007191774
0.007033169 0.006874356 0.006721865 0.006581446 0.006456713
0.006349748 0.006261035 0.006189917 0.00613494 0.006094143
0.006066384 0.006051373 0.006049966 0.006063634 0.00609387
0.006141956 0.006208186 0.006291612 0.0063889 0.0064951
0.006604151 0.006709468 0.006804507 0.006884633 0.00694754
0.006993599 0.007025852 0.007049482 0.007071233 0.007097274
0.007132375 0.007179074 0.007237138 0.007303216 0.007372319
0.007438609 0.00749639 0.007541293 0.007571487 0.007587377
0.007591589 0.007588485 0.007583846 0.007583644 0.007593495
0.007618226 0.007661884 0.007726077 0.007810295 0.007911504
0.00802373 0.008137827 0.008242172 0.008324659 0.008374323
0.008383339 0.008348754 0.008276385 0.008177771 0.008069803
0.007972707 0.007907506 0.007890949 0.007934838 0.008044831
0.008221345 0.008458228 0.008744785 0.009068288 0.009413403
0.009761349 0.01008868 0.01036804 0.01056788 0.01065443
0.01059101 0.01035419 0.009930545 0.009321724 0.008546136
0.007636934 0.006645687 0.005625152 0.004626891
