0.4568433 0.5344191 0.6251338 0.7311391 0.8548755
0.9990806 1.166784 1.361278 1.58606 1.844736
2.140868 2.477766 2.858216 3.28414 3.756194
4.273336 4.83239 5.427659 6.05065 6.689986
7.33157 7.959039 8.554543 9.099801 9.577355
9.971906 10.27155 10.46878 10.56109 10.55112
10.44631 10.25819 10.00127 9.69187 9.346941
8.982989 8.615269 8.25723 7.920239 7.613546
7.344426 7.118448 6.939804 6.811653 6.73645
6.716207 6.752705 6.847611 7.00251 7.218836
7.497706 7.839636 8.244164 8.709377 9.231378
9.80374 10.41702 11.05842 11.71172 12.35753
12.97403 13.53806 14.02674 14.41915 14.69825
14.8524 14.87654 14.77268 14.54968 14.22234
13.81 13.33479 12.8199 12.28799 11.75995
11.25406 10.78562 10.36687 10.00729 9.71394
9.492019 9.345332 9.27674 9.288503 9.382491
9.560259 9.822956 10.17108 10.60404 11.11964
11.71331 12.37745 13.10064 13.8671 14.65646
15.44394 16.20115 16.89758 17.50262 17.9881
18.33083 18.51503 18.53401 18.39098 18.0988
17.67865 17.15796 16.56798 15.94119 15.30918
14.70095 14.14202 13.65402 13.255 12.96
12.7819 12.7324 12.82289 13.06519 13.47212
14.05763 14.83649 15.82338 17.0311 18.46781
20.13304 22.01262 24.07271 26.25375 28.46562
30.5859 32.46319 33.92757 34.80849 34.95895
34.28177 32.75226 30.43052 27.45882 24.04284
20.42083 16.82776 13.46337 10.47097 7.929782
5.860017 4.236219 3.004014 2.095828 1.442992
0.9834217 0.6653199 0.4479806 0.3008593 0.2018512
