0 0 0 0 0
0 0 1 0 0
1 1 2 3 2
3 3 2 6 8
5 10 13 13 17
18 20 15 24 24
12 24 15 27 24
30 32 44 37 39
39 45 46 56 57
39 45 52 58 53
57 61 55 57 46
43 63 55 57 66
57 51 58 65 56
40 63 51 46 37
42 48 56 48 40
42 39 41 37 40
38 39 38 36 36
21 27 32 27 33
21 19 24 24 22
9 19 16 14 17
9 14 17 11 13
16 7 10 10 11
4 8 9 3 3
9 6 3 5 4
3 9 3 3 2
2 1 3 0 1
2 1 1 2 0
1 0 2 0 1
1 0 2 1 0
2 0 0 0 0
0 1 0 0 0
0 0 0 0 1
0 0 2 0 0
0 0 0 0 0
0 1 0 0 1
1 2 0 0 0
1 0 0 0 0
0 0 1 0 0
0 0 0 0 0
0 0 0 0 0
0 0 0 0 0
0 0 0 1 0
0 0 0 0 0
0 0 0 0 0
0 1
