1.306241e-05 2.378649e-05 4.173542e-05 7.087607e-05 0.0001154052
0.0001810013 0.0002748231 0.0004015371 0.0005662217 0.0007740132
0.001023392 0.001312585 0.001639791 0.001998179 0.002384212
0.002798285 0.003241602 0.003719741 0.004242671 0.004815956
0.005442202 0.006120366 0.006837836 0.007576189 0.008312603
0.009022611 0.00968661 0.01028881 0.01082321 0.0112934
0.01170477 0.01206594 0.01238582 0.01266692 0.01290699
0.0131026 0.0132466 0.01333134 0.01335693 0.01332427
0.01323598 0.01310203 0.01292949 0.01272281 0.01248826
0.01222856 0.01194517 0.01164371 0.01133163 0.01102088
0.01072758 0.01046955 0.01026841 0.01014038 0.01009712
0.01014917 0.0102947 0.01052346 0.0108213 0.01116283
0.01151633 0.01184583 0.01211138 0.01227861 0.01231438
0.01219437 0.01191812 0.01149327 0.01094303 0.01031269
0.009647806 0.008997629 0.008402813 0.007891815 0.007485491
0.007179854 0.006967188 0.006839048 0.006777676 0.006772893
0.006821156 0.006917871 0.007062092 0.007255078 0.007492038
0.007765224 0.008063563 0.008369083 0.00866062 0.008912572
0.00909868 0.009197178 0.009186605 0.009055514 0.008808573
0.008456627 0.008024196 0.007548394 0.0070666 0.006617354
0.006228607 0.005918275 0.005694052 0.005542996 0.00544754
0.005385408 0.005330446 0.005262879 0.005166465 0.005035073
0.004867587 0.004665731 0.004437291 0.004189713 0.003930108
0.003666466 0.003405957 0.003156251 0.00292447 0.002716595
0.002538577 0.002392971 0.002278793 0.002193955 0.002133357
0.002090306 0.002059423 0.002036003 0.002016375 0.001998055
0.001978431 0.001954416 0.001922112 0.001876801 0.001815937
0.001738667 0.001646896 0.001547662 0.00144963 0.001363788
0.001298935 0.001261419 0.001255559 0.001278367 0.001324437
0.00138645 0.001454309 0.001518687 0.00157046 0.001602558
0.001610309 0.001589938 0.001541456 0.001468062 0.00137437
0.001268179 0.00115878 0.001055341 0.000966238 0.0008962237
0.0008473373 0.0008179013 0.0008016598 0.0007913706 0.0007789027
0.0007578281 0.0007244981 0.0006781454 0.0006229028 0.000564713
0.0005115784 0.0004708314 0.0004481614 0.0004479082 0.0004687995
0.000507069 0.0005565195 0.0006079731 0.0006524908 0.0006812375
0.0006884498
