0.3426784 0.3848232 0.4321458 0.4852712 0.5448928
0.611777 0.6867696 0.7708009 0.8648918 0.9701584
1.087818 1.219192 1.365713 1.528923 1.71048
1.912158 2.135845 2.38354 2.657356 2.959506
3.2923 3.658136 4.059486 4.498883 4.978907
5.502163 6.071266 6.688817 7.35738 8.079462
8.857486 9.693769 10.5905 11.54972 12.57329
13.66288 14.81996 16.04578 17.34136 18.70746
20.14462 21.65311 23.23299 24.88405 26.60583
28.39768 30.25869 32.18776 34.18357 36.2446
38.36915 40.55531 42.80097 45.10385 47.46144
49.87103 52.32967 54.83416 57.38105 59.96655
62.58658 65.23671 67.91211 70.60754 73.31734
76.03538 78.75506 81.4693 84.17053 86.85069
89.50128 92.11338 94.67766 97.1845 99.62404
101.9862 104.261 106.4384 108.5086 110.462
112.2898 113.9835 115.5355 116.939 118.1885
119.2793 120.2083 120.9734 121.5742 122.0115
122.2877 122.4064 122.3728 122.1934 121.8756
121.4281 120.8605 120.1833 119.4072 118.5438
117.6048 116.6018 115.5466 114.4506 113.3247
112.1796 111.0251 109.8702 108.723 107.5909
106.4801 105.3956 104.3415 103.3205 102.3343
101.3832 100.4665 99.58191 98.72622 97.89484
97.08199 96.28072 95.48295 94.67953 93.86032
93.01432 92.12977 91.19436 90.19537 89.11996
87.95535 86.68922 85.30993 83.80691 82.17101
80.39481 78.47301 76.40272 74.18371 71.81862
69.31313 66.67593 63.91875 61.05611 58.10514
55.08515 52.01723 48.9237 45.82752 42.75176
39.71895 36.7505 33.86626 31.084 28.4191
25.88431 23.48959 21.24208 19.14619 17.20367
15.41394 13.77425 12.28008 10.92539 9.702993
8.604866 7.622422 6.746791 5.969041 5.280367
4.672247 4.136559 3.665659 3.252441 2.890367
2.57347 2.296353 2.054166 1.842578 1.657745
1.496268 1.355155 1.231782 1.123858 1.02938
0.9466084 0.8740291 0.8103285 0.7543666 0.7051544
0.6618337 0.6236592 0.5899827 0.5602396 0.5339372
0.5106437 0.4899803 0.471613 0.455246 0.4406166
0.4274903 0.4156568 0.404927 0.3951299 0.3861112
0.3777309 0.3698626 0.3623919 0.3552165 0.3482452
0.3413976 0.3346044 0.3278067 0.320956 0.3140144
0.3069539 0.2997562 0.2924121 0.2849212 0.2772907
0.2695349 0.2616738 0.2537325 0.2457396 0.2377265
0.2297257 0.2217705 0.2138932 0.206125 0.1984945
0.1910275 0.1837467 0.1766706 0.169814 0.1631874
0.1567974 0.1506461 0.1447319
