0.0002896651 0.0003585887 0.0004398721 0.0005365652 0.0006520561
0.000789653 0.0009526931 0.00114459 0.001365693 0.001614614
0.001887803 0.002179428 0.002480401 0.00278132 0.003072459
0.003344795 0.003592479 0.00381222 0.004003081 0.004167726
0.004310688 0.004436732 0.004550031 0.004654304 0.004751304
0.004841244 0.004922974 0.004995222 0.005056504 0.005105545
0.005141726 0.005165449 0.005177268 0.005177763 0.005168068
0.005149496 0.005123572 0.005092352 0.005059097 0.005027659
0.005002534 0.004988806 0.004990417 0.005010477 0.005051035
0.005112351 0.005192659 0.005289538 0.00540002 0.005519982
0.005645115 0.005770944 0.00589242 0.00600472 0.006103487
0.006185123 0.006247211 0.006290399 0.006316879 0.006330515
0.006336822 0.006341604 0.006349803 0.006365298 0.006389823
0.006423177 0.006463749 0.006508991 0.006555681 0.006601136
0.006643296 0.006680878 0.006713674 0.006741905 0.006765886
0.006785777 0.006801266 0.00681139 0.006814574 0.006809633
0.006796161 0.006775095 0.006749259 0.00672389 0.006705355
0.006700708 0.006716543 0.00675611 0.00681977 0.006904547
0.007003347 0.007107074 0.007206753 0.007294466 0.007366214
0.007422256 0.007466796 0.007507648 0.007554826 0.007618047
0.007706068 0.007825456 0.007978306 0.008164402 0.008381489
0.008624057 0.008884666 0.009154562 0.009422582 0.009675289
0.009897993 0.01007492 0.0101888 0.01022932 0.01018965
0.01006865 0.009873647 0.009621913 0.009334776 0.009038233
0.00876174 0.00853355 0.008380643 0.008331869 0.008407009
0.008622885 0.008991919 0.009521824 0.0102 0.0110054
0.01190226 0.01283469 0.01373228 0.01451693 0.01510104
0.01540915 0.01538783 0.01500697 0.01425701 0.01318653
0.0118619 0.01036748 0.008799559 0.007252871 0.005803155
0.00450928 0.003405987 0.002499673
