0.04416715 0.05086075 0.05856495 0.06742457 0.07759943
0.08926407 0.1026069 0.1178285 0.1351391 0.1547553
0.1768951 0.201772 0.2295884 0.2605274 0.294744
0.3323553 0.3734315 0.4179858 0.4659662 0.5172484
0.5716304 0.6288297 0.6884839 0.7501536 0.8133296
0.8774423 0.9418751 1.005979 1.06909 1.130546
1.189707 1.245968 1.29878 1.347659 1.392196
1.43207 1.467047 1.496981 1.521816 1.541578
1.556369 1.566362 1.571784 1.572914 1.570068
1.563589 1.55384 1.54119 1.526015 1.50868
1.489542 1.468942 1.447201 1.424621 1.401476
1.378019 1.354476 1.331051 1.307919 1.285236
1.263133 1.241722 1.221093 1.201317 1.18245
1.164531 1.147581 1.131612 1.116619 1.102585
1.089485 1.077279 1.065921 1.055351 1.045503
1.036303 1.027666 1.019504 1.011719 1.004209
0.9968666 0.9895815 0.9822403 0.9747288 0.9669337
0.9587436 0.9500517 0.9407572 0.9307672 0.9199992
0.9083824 0.89586 0.8823899 0.8679467 0.8525221
0.8361254 0.8187833 0.80054 0.7814554 0.7616044
0.7410751 0.7199661 0.6983849 0.6764449 0.654263
0.6319572 0.609644 0.587436 0.5654402 0.5437563
0.522475 0.5016775 0.4814344 0.4618053 0.4428393
0.4245746 0.4070393 0.3902518 0.3742219 0.3589509
0.3444337 0.3306583 0.3176081 0.3052617 0.2935942
0.2825783 0.2721844 0.2623815 0.253138 0.244422
0.2362016 0.2284457 0.2211238 0.2142066 0.2076662
0.2014762 0.1956116 0.1900494 0.1847681 0.1797481
0.1749716 0.1704224 0.1660861 0.1619499 0.1580024
0.1542337 0.1506351 0.1471993 0.1439196 0.1407907
0.1378075 0.134966 0.1322624 0.1296933 0.1272554
0.1249459 0.1227615 0.1206994 0.118756 0.1169282
0.115212 0.1136034 0.1120982 0.1106916 0.1093785
0.1081535 0.1070109 0.1059446 0.1049485 0.104016
0.1031405 0.1023154 0.101534 0.10079 0.1000771
0.09938944 0.09872158 0.09806875 0.09742689 0.09679277
0.09616411
