1 2 3 4 5
6 7 1 8 9
7 1 10 11 12
13 14 15 16 17
18 19 20 21 22
23 24 25 26 27
28 29 7 1 30
31 32 33 34 35
7 1 10 36 7
1 37 38 39 40
41 42 43 44 45
46 47 14 48 49
7 1 37 50 51
52 42 12 53 54
55 56 7 1 57
58 7 1 59 45
60 61 62 63 64
65 66 67 68 67
69 70 71 72 73
74 7 1 75 76
64 77 48 78 79
80 81 82 83 84
85 86 42 87 88
89 90 91 92 51
78 93 13 94 7
1 95 96 83 97
98 99 100 101 102
45 15 103 104 67
105 106 19 63 107
108 109 7 1 110
48 111 112 113 114
115 45 116 117 118
119 28 120 121 115
122 123 7 1 124
20 125 7 1 126
127 128 129 48 130
131 132 133 134 135
136 47 137 138 139
140 141 7 1 142
143 54 42 95 45
144 145 146 7 1
147 148 100 149 150
151 73 152 153 7
1 154 155 14 156
157 158 7 1 154
159 160 78 161 45
162 163 14 164 165
24 166 45 167 168
141 7 1 169 170
40 64 164 171 115
65 172 173 86 83
174 175 176 177 45
178 179 78 180 7
1 169 181 182 183
45 48 24 184 185
186 24 187 188 189
48 93 83 190 191
14 192 193 7 1
169 11 12 177 54
193 7 1 194 195
196 7 1 194 197
198 199 200 201 104
202 203 204 205 206
14 207 208 209 210
45 211 212 213 7
1 214 215 216 67
217 218 219 45 220
48 221 78 116 78
222 223 48 224 200
225 226 227 7 1
228 229 230 231 232
19 233 78 234 7
1 235 78 236 237
238 239 14 240 45
64 241 45 242 24
243 54 244 245 238
246 7 1 247 100
248 240 249 250 251
252 253 7 1 194
254 47 63 255 256
257 258 259 47 260
261 7 1 194 179
262 105 100 238 263
264 78 265 38 266
267 45 268 30 269
67 270 271 272 273
274 7 1 142 275
276 277 160 117 188
65 278 7 1 279
280 281 42 282 283
164 284 285 45 286
47 65 287 288 7
1 289 290 7 1
291 292 293 294 230
83 295 296 297 298
67 299 78 300 301
302 45 303 238 304
7 1 152 75 305
306 307 83 308 7
1 309 310 311 64
45 312 229 313 47
314 7 1 315 316
317 318 78 319 113
320 83 321 296 24
238 322 323 324 113
93 325 292 326 7
1 327 328 329 200
330 7 1 331 63
200 332 333 334 225
67 238 335 100 336
272 337 338 321 339
86 328 7 1 340
45 341 342 7 1
343 19 344 12 345
45 156 115 238 346
347 100 348 349 67
47 63 350 7 1
75 142 351 7 1
352 353 30 354 42
355 220 19 356 63
91 357 7 1 358
359 360 67 78 361
30 362 24 363 91
364 365 48 366 367
368 145 369 7 1
153 370 371 45 372
51 83 373 149 374
375 376 377 78 182
220 100 378 355 295
48 379 7 1 153
231 100 380 381 78
382 383 42 163 115
168 7 1 384 385
238 386 387 78 388
389 48 390 391 392
393 7 1 384 179
358 394 395 163 45
396 115 380 397 389
42 52 398 14 399
47 400 78 401 222
45 402 403 229 45
389 122 404 7 1
405 406 12 83 407
408 78 409 358 410
411 28 412 413 176
414 105 415 95 416
417 45 46 238 418
419 7 1 142 78
93 105 48 420 67
421 45 422 405 40
423 424 411 425 366
202 426 427 238 428
148 429 7 1 405
430 431 295 95 432
54 433 434 435 436
437 7 1 438 40
412 439 440 51 83
33 441 442 443 444
20 445 7 1 446
447 63 355 51 117
43 101 448 449 117
450 451 86 452 24
48 453 454 7 1
446 455 238 456 45
426 457 12 45 458
47 209 83 459 460
461 24 83 462 67
463 464 7 1 446
465 83 459 466 461
467 242 83 321 468
179 47 469 14 48
470 78 382 52 38
471 472 7 1 446
473 474 475 401 476
477 478 95 479 480
7 1 446 76 238
481 48 65 225 188
482 297 238 483 100
484 485 486 487 100
225 277 229 45 488
489 490 7 1 491
78 107 376 237 45
119 45 492 411 16
493 176 64 28 494
475 220 495 496 297
238 483 100 83 497
7 1 498 499 230
500 501 502 436 306
42 238 503 504 505
361 238 506 14 507
7 1 110 200 508
392 14 238 509 393
7 1 40 510 100
511 86 19 512 513
48 514 238 515 516
24 517 518 519 45
520 7 1 438 521
48 11 522 48 78
412 523 238 524 202
525 83 526 67 63
95 192 64 45 527
528 7 1 438 529
83 530 475 531 532
358 359 24 83 533
67 534 38 24 535
536 537 78 220 76
15 510 100 538 7
1 539 540 238 102
541 542 231 63 358
543 19 231 63 238
544 100 358 545 7
1 539 546 238 547
7 1 539 238 548
67 541 549 550 188
218 28 551 552 45
242 553 7 1 554
555 556 67 557 372
558 45 380 559 100
560 561 562 563 7
1 564 271 565 115
238 558 52 238 566
567 568 569 570 571
572 573 67 574 575
7 1 280 198 430
576 78 52 200 468
7 1 577 198 578
579 83 430 468 7
1 198 78 580 48
24 166 45 581 15
582 494 78 52 45
583 358 584 585 54
286 586 7 1 587
588 40 589 115 55
590 48 149 591 45
242 592 593 594 430
595 7 1 22 596
597 598 599 600 277
601 238 602 603 604
149 202 242 605 606
14 607 7 1 608
40 54 42 115 19
231 78 609 610 430
611 612 15 206 78
613 319 100 614 615
7 1 616 617 618
619 620 7 1 621
622 623 624 625 626
408 627 7 1 280
628 117 118 629 630
7 1 631 632 633
634 45 635 251 7
1 446 636 637 638
7 1 110 639 78
640 380 641 221 78
642 643 45 4 644
28 238 645 78 93
646 357 393 7 1
110 647 648 649 242
108 582 650 7 1
110 651 579 83 108
430 652 653 7 1
110 521 40 412 654
7 1 446 655 656
238 657 658 659 67
660 661 7 1 446
76 255 662 40 95
663 408 221 230 283
664 665 666 100 238
667 7 1 668 76
64 95 669 76 660
662 7 1 384 670
7 1 671 672 673
7 1 674 675 30
676 7 1 446 196
7 1 677 678 679
67 680 366 52 681
414 107 682 683 102
24 659 684 176 200
231 685 45 686 687
7 1 677 238 688
689 690 691 67 692
63 108 430 30 693
7 1 677 78 694
237 11 695 696 42
115 238 697 698 699
42 700 7 1 86
701 45 238 702 703
238 704 48 331 63
83 705 706 45 242
96 707 7 1 674
76 412 708 7 1
674 78 382 709 643
331 45 297 710 116
711 45 712 7 1
713 714 295 7 1
713 715 716 717 64
718 179 406 719 720
7 1 721 722 78
723 65 14 724 725
45 238 726 727 115
728 729 67 730 7
1 731 732 656 733
63 734 164 735 736
100 737 67 738 739
740 100 741 742 7
1 615 743 674 238
744 48 113 320 19
115 83 745 39 510
100 746 358 747 67
270 748 749 7 1
412 750 751 100 752
753 754 755 39 24
756 73 757 7 1
152 388 242 758 45
759 229 47 760 287
101 45 238 761 762
763 42 764 83 765
685 766 81 767 7
1 366 188 64 768
45 769 770 763 67
771 45 772 67 773
774 775 776 777 7
1 228 78 778 238
779 48 117 188 231
190 780 781 100 782
783 784 785 786 86
787 788 789 7 1
754 63 790 133 791
262 718 238 792 344
12 793 48 63 794
7 1 30 795 45
796 91 752 753 797
113 93 164 798 100
799 800 801 231 100
238 33 802 24 358
803 7 1 327 804
7 1 615 743 674
805 7 1 280 95
806 358 807 45 238
808 45 416 83 809
810 93 811 67 812
643 47 30 78 813
814 83 815 45 55
816 393 7 1 817
818 819 820 821 822
820 821 823 202 824
825 826 54 827 828
7 1 817 818 829
830 176 705 831 832
115 705 833 834 100
238 835 7 1 817
818 78 389 64 581
22 836 100 19 837
443 838 839 840 831
832 67 826 841 7
1 817 45 842 843
844 366 521 161 820
821 845 833 7 1
817 504 846 230 847
848 849 850 851 48
200 231 852 853 831
832 30 117 259 47
24 820 821 854 7
1 817 855 856 831
832 845 820 821 714
857 7 1 817 858
115 859 7 1 860
861 101 45 242 24
83 862 863 864 7
1 446 126 865 45
796 866 7 1 867
868 100 48 63 358
869 870 176 48 39
871 249 65 380 872
237 238 231 42 873
874 7 1 867 40
875 876 11 96 877
174 67 413 878 67
200 231 344 879 880
45 881 91 403 882
379 7 1 883 11
884 163 885 374 886
115 887 176 888 188
355 889 890 891 892
7 1 71 893 894
7 1 438 420 78
884 297 83 895 896
100 897 898 899 67
14 83 900 319 78
282 901 45 82 238
231 78 902 7 1
903 904 905 906 907
35 7 1 179 42
908 129 909 63 910
67 51 63 911 47
912 358 913 83 914
915 916 917 7 1
238 802 918 91 358
2 919 920 921 63
922 923 45 924 209
78 925 926 7 1
867 78 93 105 927
45 238 928 929 605
930 931 7 1 867
389 42 52 22 932
933 238 130 100 55
934 7 1 867 254
47 96 935 107 936
45 156 48 937 376
856 938 939 100 238
940 179 231 230 941
489 7 1 867 19
63 30 942 67 115
130 100 47 78 943
45 242 24 83 944
945 706 91 940 737
719 19 946 7 1
947 153 948 238 949
83 950 951 11 521
952 238 174 428 953
100 423 358 410 287
83 954 242 955 956
7 1 957 179 958
96 231 100 474 958
52 959 267 960 100
961 7 1 962 63
231 100 474 381 221
78 694 237 83 149
963 305 416 156 83
964 965 67 966 967
151 7 1 968 969
48 970 971 972 973
974 115 24 238 149
975 953 388 976 977
7 1 957 280 47
93 83 978 979 19
391 980 156 78 39
161 45 416 979 981
982 983 7 1 19
63 984 176 856 238
985 986 987 988 989
2 990 221 991 411
100 992 7 1 957
280 238 993 20 412
964 163 994 78 995
866 161 45 996 238
997 998 81 999 163
83 1000 30 78 202
1001 47 1002 7 1
957 280 78 361 1003
1004 1005 1006 45 19
1007 7 1 1008 14
1009 1010 149 1011 252
1012 7 1 1013 42
280 14 238 1014 1015
47 1016 962 67 20
1017 7 1 446 78
52 83 1018 85 1019
1020 14 168 1021 100
1022 1023 24 331 1024
78 182 1025 238 1026
117 401 1027 7 1
446 64 1028 176 650
1029 115 238 1030 176
22 924 54 1026 1031
45 1032 156 1033 7
1 19 924 912 149
374 219 33 1034 7
1 856 16 1035 7
1 962 1036 1037 1038
83 1039 100 997 692
28 358 1040 1041 1042
1043 924 115 238 1044
67 15 1045 149 1046
7 1 1047 67 24
1048 286 1049 927 45
1050 1051 45 1052 814
1053 100 1054 1049 1055
7 1 75 19 63
48 510 100 1056 1057
48 63 355 107 856
1058 7 1 1059 1060
179 78 1061 47 411
4 388 242 238 622
45 1062 7 1 1060
1059 179 78 43 83
1063 1064 958 242 83
950 1065 719 1066 76
83 1067 1068 65 1069
1070 475 1071 1072 7
1 674 40 30 1073
7 1 605 24 358
2 1074 7 1 616
263 1075 67 1076 851
78 1077 48 1078 78
640 231 842 163 24
358 1079 67 1080 115
358 1035 7 1 1081
1082 1083 7 1 1084
1085 1086 1052 83 430
1087 349 179 42 1088
1089 1090 134 55 1091
7 1 1084 42 469
1092 65 48 1093 771
1094 43 1095 7 1
883 1096 78 349 723
1097 91 168 7 1
446 1022 1098 63 430
14 83 914 100 206
1099 7 1 142 1100
78 1101 78 43 39
1102 1103 1104 679 7
1 539 78 237 238
1105 2 1106 7 1
1107 829 1108 238 1109
912 47 38 1110 7
1 616 11 12 412
177 54 358 1111 1112
528 7 1 1113 1114
238 280 807 11 12
1115 14 358 2 1116
1117 7 1 491 242
1118 7 1 491 78
382 242 389 15 1119
100 151 14 1120 1121
1122 7 1 40 1123
1124 1125 808 1126 67
117 52 14 1127 83
1128 848 1129 401 277
51 47 63 176 78
161 489 7 1 1130
1131 45 1132 28 1133
7 1 1134 188 42
13 14 494 475 188
1040 331 719 1135 78
401 1136 176 320 14
83 391 7 1 1137
521 47 65 912 387
7 1 1138 1139 1140
47 95 714 237 15
1141 1142 45 1143 1144
647 1145 86 1146 1147
1148 1149 7 1 1138
1150 358 1151 1152 163
45 1153 1154 474 1155
161 45 119 45 242
1156 237 630 1157 30
1158 7 1 1138 1159
51 93 1160 7 1
315 93 95 105 19
91 1161 67 474 1162
1161 54 19 1163 7
1 179 42 1164 389
1165 206 67 494 112
1166 42 100 683 1167
48 63 1168 1169 1170
1171 115 1172 7 1
1173 42 389 64 416
45 116 353 64 1165
67 52 47 242 1174
67 112 242 1175 1176
221 1177 1178 47 871
492 237 1179 7 1
1180 883 447 188 1181
411 86 1182 1183 100
176 1049 93 203 45
156 30 412 78 93
1184 7 1 83 1185
1186 100 1187 28 1188
67 1189 1190 78 426
102 45 1191 1135 7
1 1192 85 115 1193
2 84 173 15 321
1194 28 1195 1196 7
1 1197 1198 42 188
1199 209 83 1200 24
83 1201 1202 1203 1204
1205 45 1206 1207 1208
1209 7 1 228 78
401 38 222 45 38
1210 78 1211 19 30
1212 48 47 1213 271
1214 7 1 228 160
376 42 1215 241 78
522 1216 78 401 38
222 45 38 220 91
19 14 83 535 1217
7 1 1218 115 149
1219 1220 67 1221 1222
7 1 1223 1224 1225
1226 1227 1228 1229 1230
14 1231 1232 1233 1172
7 1 1234 78 202
389 47 179 42 1235
7 1 446 177 45
179 200 231 1236 63
115 47 1237 7 1
63 600 1238 1239 7
1 1240 1241 358 1242
63 1243 1244 42 323
1245 358 1246 1247 45
1248 1249 7 1 315
1250 7 1 78 935
1251 238 84 376 1252
45 1253 14 156 45
1254 209 83 1255 24
15 1256 1257 176 19
63 412 1258 358 1259
344 12 1260 7 1
76 321 45 277 494
411 331 188 1261 238
84 67 1262 1263 24
145 925 7 1 78
95 361 83 412 1264
645 28 164 1265 475
1266 238 364 84 67
1267 45 1268 91 1269
1270 1271 67 1272 7
1 75 42 1273 1274
1275 54 83 1276 87
1236 55 1277 388 935
1052 47 1278 1279 7
1 1234 78 1280 319
238 1281 176 521 414
64 1282 7 1 438
1262 1283 465 40 439
47 30 693 7 1
438 1284 1285 115 164
1286 1287 52 42 361
22 1288 45 692 24
238 155 1289 7 1
438 55 1290 1291 63
42 1292 1293 1294 176
42 401 1295 45 1296
1297 1298 40 101 45
488 19 1299 7 1
238 1300 28 1301 1302
63 1303 7 1 297
622 78 1304 319 1305
93 83 1306 1307 19
1308 63 1309 1310 14
305 24 1311 1312 7
1 280 1313 1314 1315
1316 1317 1318 1319 1320
1321 1322 1323 1313 1324
1325 7 1 280 78
376 3 19 176 48
1326 521 685 237 83
1327 1328 7 1 76
30 1329 720 78 182
402 42 229 877 1330
52 1331 156 117 220
1155 188 1332 1333 366
1280 116 262 1334 7
1 179 42 1335 238
1336 1337 45 1338 1339
55 1340 1341 1342 64
1321 83 1343 242 1344
138 95 83 1345 87
1346 7 1 989 1347
115 238 1348 100 1349
1153 1350 238 1300 45
238 1351 229 188 1095
7 1 154 1352 715
12 1353 1021 100 1354
1355 24 358 1079 238
1356 1357 1358 65 54
1359 1360 1361 45 1362
7 1 1363 78 1364
67 1365 238 622 1366
1367 1368 7 1 1369
1370 1371 7 1 190
1372 1371 7 1 1048
1373 1374 7 1 1373
1371 297 1375 7 1
40 1376 19 1371 1377
546 231 100 164 1378
1379 1380 1381 297 1382
1383 7 1 1384 1139
7 1 67 40 64
101 45 1385 83 1386
900 1387 91 160 42
1273 52 358 645 1388
1389 1390 1390 1391 1392
7 1 83 1393 456
45 416 156 45 935
1394 28 55 1395 63
45 1052 156 769 358
645 95 45 1396 1397
1398 7 1 539 78
220 238 1399 1400 42
28 47 63 238 270
1401 64 45 242 1402
7 1 539 42 401
1403 1404 7 1 95
1405 83 1406 91 1407
1408 67 24 53 30
1409 267 229 1410 1411
202 377 7 1 1412
1413 63 1414 1415 7
1 1416 1417 160 1413
63 1418 83 1419 1420
14 1421 559 100 1422
1423 30 117 202 1424
1425 762 1426 1427 7
1 1428 14 19 1429
392 176 200 691 1430
7 1 1431 598 1432
1433 270 619 1434 1435
14 1436 1437 1438 81
380 1439 7 1 1440
1441 78 523 861 1442
45 242 1443 86 357
7 1 1234 1444 1445
1446 1447 1448 48 1446
112 1449 45 1450 7
1 615 1451 7 1
72 108 690 931 19
63 358 622 763 1040
1452 1453 67 30 1454
76 1455 7 1 72
673 7 1 1456 78
1457 1458 45 1459 1460
28 47 1461 176 47
255 1462 83 1463 100
1464 100 747 7 1
1456 78 52 1465 447
1466 163 108 1212 1467
67 78 856 389 763
1468 1469 297 710 1470
83 1471 7 1 126
1472 78 935 319 238
1473 78 1101 78 43
39 24 647 632 376
879 1474 1475 1476 358
1477 67 1478 7 1
438 850 238 1041 63
107 24 15 131 1479
1480 1481 65 1482 1483
7 1 1484 1485 78
689 1486 331 238 88
1259 67 358 1487 1488
221 78 1489 643 48
1356 1490 1491 1492 7
1 1493 1494 81 1495
598 1496 546 51 45
1497 14 45 759 1498
81 1499 28 1500 1501
7 1 1484 1060 64
83 1502 1503 1168 358
1504 45 55 286 1333
78 1505 1506 45 1507
95 1508 1509 7 1
1503 1060 1510 45 1511
7 1 142 1512 78
1513 238 1356 1514 67
1461 388 355 129 1515
1333 78 580 267 67
222 156 45 1516 78
1517 7 1 42 65
1101 42 96 83 1518
475 689 411 100 814
456 45 1519 42 1520
1521 7 1 1522 238
428 1523 100 750 45
83 2 1524 78 161
45 1394 65 238 1525
176 78 401 277 601
45 82 22 100 238
1526 7 1 1527 47
45 1528 7 1 1529
86 238 1530 24 1531
231 16 1259 100 1103
45 358 2 1532 24
1507 7 1 1533 1534
1535 1536 45 1537 7
1 817 78 1538 179
238 1539 1540 1541 7
1 817 236 24 1542
54 238 1543 1544 1545
349 956 40 39 1546
7 1 817 1512 78
161 45 1547 16 1548
182 686 78 368 489
78 1549 1550 47 297
1551 7 1 521 48
78 220 100 717 51
230 238 1544 1552 93
412 1553 14 83 1554
1555 7 1 817 229
723 78 95 521 1556
1557 7 1 656 1558
1544 1552 1559 7 1
1560 1561 1451 7 1
759 1562 1563 1369 1370
1564 1565 1566 1567 1568
7 1 194 78 202
38 759 411 238 1569
1570 7 1 1344 1571
1572 1573 991 407 1574
7 1 446 177 1575
7 1 674 158 7
1 677 1576 78 840
1577 7 1 1578 1579
1580 7 1 600 475
1581 225 52 1582 1583
1584 1585 1273 64 52
696 156 1586 65 358
1587 138 83 1588 1589
7 1 1590 254 366
161 83 99 1072 7
1 1591 1592 51 52
42 1593 7 1 1594
202 42 1595 29 7
1 1596 155 14 687
67 491 63 455 426
507 7 1 1596 202
366 239 403 80 88
618 1597 1598 7 1
228 1599 1600 45 95
1601 42 14 1602 7
1 228 78 388 389
48 179 42 1603 64
45 1601 156 14 1604
1605 78 52 935 1606
7 1 228 358 3
63 221 1607 28 358
443 1608 381 1601 156
14 65 1609 100 1610
1611 78 277 1612 1613
7 1 228 714 1614
179 1615 7 1 1412
495 1616 47 1617 1013
507 7 1 202 600
27 164 1618 87 1395
14 1619 83 1620 1621
1089 1622 1623 138 165
1624 67 1089 1625 7
1 1626 40 718 1627
388 242 865 45 796
42 237 866 7 1
1628 1052 1629 238 1630
366 1631 1632 149 24
1633 151 7 1 153
126 414 115 358 1634
91 45 383 933 115
83 745 30 78 1635
1636 430 1637 1638 7
1 153 126 1639 156
277 179 42 1640 489
715 64 1641 47 267
1642 64 718 229 1643
47 63 297 19 431
7 1 153 126 52
42 884 138 1644 297
1645 7 1 37 1646
1647 829 1648 7 1
20 237 415 1052 47
411 100 567 64 83
99 349 1649 7 1
446 718 1650 202 78
645 1095 856 78 1651
305 93 1652 1653 1654
64 174 1655 126 93
48 1095 7 1 126
40 1158 202 42 1656
1657 7 1 126 115
1658 42 118 242 44
45 1659 67 759 16
1660 1661 91 238 1662
176 355 1663 1664 710
54 1665 7 1 198
1666 7 1 305 416
238 1667 1597 15 16
1668 7 1 1084 883
48 63 231 1669 1670
1671 7 1 414 108
159 91 1672 1673 1674
1675 1676 1677 7 1
1678 1675 1676 1679 1680
176 24 164 420 286
42 522 117 1681 242
1682 45 1683 447 63
29 7 1 615 48
714 1684 7 1 1456
109 78 1685 331 14
1686 1687 1639 156 277
179 42 222 22 1688
7 1 75 110 1689
47 806 156 83 843
1259 45 220 100 1690
7 1 75 110 416
55 1691 411 100 238
1692 7 1 1693 349
877 321 1694 1695 1696
45 1697 7 1 817
1698 1699 1700 1701 7
1 1702 871 1703 1618
1639 42 1704 933 1705
14 1706 1707 30 42
1708 759 1709 117 1710
7 1 343 47 93
21 1711 1712 1514 24
83 1014 1713 7 1
142 11 1280 12 349
1714 45 383 83 1715
1716 30 40 1717 865
45 277 47 457 12
83 1718 100 763 1719
393 7 1 142 198
93 47 19 1720 7
1 142 198 78 1651
1721 78 220 78 38
1077 489 1722 1723 7
1 1724 51 1618 63
1725 7 1 194 1235
7 1 78 1726 598
1727 1049 107 1641 164
1728 1729 1730 45 1731
1732 7 1 1631 1733
211 225 24 238 1242
100 1734 42 52 361
45 242 1735 687 7
1 19 339 86 1590
118 242 1213 1261 14
600 1736 238 1737 1377
7 1 1738 78 1739
86 1740 1741 100 1399
406 64 693 1742 24
1743 521 1744 7 1
1738 1507 358 1745 361
83 296 297 1746 1567
67 414 1747 1748 7
1 1738 115 164 1286
1287 40 750 45 1749
1750 1649 39 64 48
1751 45 1752 176 366
118 416 1753 1754 7
1 1738 1616 411 1755
1756 982 851 1757 40
64 30 718 958 239
47 1758 1759 7 1
366 188 856 1757 45
1760 1759 1761 7 1
1762 683 167 24 145
1763 83 1764 91 1765
632 1766 1767 81 1768
1769 1770 1771 238 2
1772 7 1 37 995
238 1773 410 393 7
1 1059 30 1774 45
796 168 7 1 1775
45 1494 91 1092 1776
45 1777 1778 1779 45
447 1049 522 1780 474
494 118 242 1781 54
1782 1783 7 1 1102
238 899 65 238 1784
188 24 1706 1785 1786
54 1787 1788 1789 7
1 1784 1790 138 899
86 792 1791 54 1792
1793 447 1784 188 24
1794 67 601 117 1489
1795 7 1 1796 30
1212 1797 1275 47 1798
156 45 1799 7 1
358 1800 1801 100 1802
1784 912 156 1113 324
601 358 149 374 1803
1489 1795 7 1 231
100 238 802 1804 7
1 142 51 164 1805
950 1806 7 1 142
290 7 1 1807 1808
1809 30 1810 393 865
47 93 83 1811 7
1 1807 1809 1561 414
30 865 42 1812 866
7 1 1813 673 7
1 1814 995 48 366
1815 1816 54 238 1817
7 1 1503 78 52
83 1818 28 364 579
1819 1820 1821 1822 7
1 1047 238 1823 238
1824 7 1 344 600
1825 83 1826 7 1
10 1827 743 78 723
83 1828 1333 78 1829
1830 83 914 67 723
856 164 1831 1832 7
1 764 238 1833 297
145 1834 1835 1836 54
19 1837 1838 7 1
126 78 52 164 1839
24 358 1840 176 349
1841 1842 1843 163 1275
962 45 1844 489 7
1 126 78 39 116
1845 7 1 126 1846
7 1 616 42 218
1847 45 1848 67 1849
1850 1851 67 1852 504
48 376 249 489 7
1 685 1853 7 1
1356 1259 24 238 1834
297 1854 76 12 1855
430 1637 1856 65 474
1857 1858 185 1859 1452
687 7 1 1860 1861
228 1230 86 156 209
174 209 366 416 45
129 238 1356 1862 100
238 1863 7 1 228
1864 7 1 228 78
804 380 641 7 1
903 200 78 421 78
376 1865 1866 489 912
47 83 914 1867 179
42 389 1868 163 1869
45 426 45 238 1870
87 30 117 1331 1871
7 1 903 1872 1873
622 1874 1875 935 1489
24 1876 24 238 1712
30 521 40 1877 1878
398 643 1879 7 1
903 78 523 42 1880
47 33 1881 78 1882
1883 1884 1885 1886 115
229 1887 643 1888 1889
1890 7 1 40 412
865 1891 1892 7 1
1814 78 376 856 237
45 652 411 48 297
200 652 320 78 879
842 1486 54 238 364
1893 1894 7 1 1814
179 270 1895 7 1
1814 829 1896 67 331
93 1897 1041 975 24
1898 349 30 78 1739
40 1491 24 238 1751
90 1899 393 7 1
1814 1900 86 1901 14
1293 297 83 391 7
1 295 1385 411 87
231 100 380 381 1902
1903 163 54 1904 100
149 24 55 1905 1906
7 1 1907 118 48
242 1908 7 1 405
153 142 78 95 1909
601 122 913 689 30
1910 1360 48 117 1911
45 1912 238 1913 1914
1915 7 1 405 153
1013 42 14 1916 489
78 426 102 45 47
1917 67 1280 167 1918
1919 100 1920 24 238
1921 14 1922 7 1
153 639 320 42 879
167 19 85 86 405
33 1923 45 1924 7
1 153 297 710 366
202 242 1925 48 238
149 476 24 1926 7
1 1927 331 188 1021
100 149 1928 297 19
431 1929 1930 63 1931
149 1932 7 1 238
1933 100 1934 149 1935
1936 54 1078 1937 1938
45 1939 1940 83 1941
7 1 867 579 108
1942 7 1 75 156
349 7 1 142 616
1943 78 30 222 305
45 402 156 76 95
83 1944 176 78 401
220 47 314 679 7
1 142 616 320 42
759 19 1945 679 7
1 1946 11 259 1947
24 83 1948 1949 47
93 108 956 7 1
280 1275 42 1950 7
1 57 1774 45 796
1179 679 7 1 1951
1952 361 1953 1954 86
1955 1829 262 83 1956
1957 100 1415 393 7
1 608 1958 76 1959
292 42 416 149 209
83 1960 54 83 372
100 238 1961 1788 1962
366 1963 1964 1965 1966
7 1 153 255 1967
1968 7 1 153 19
1969 1970 1971 78 609
7 1 1972 578 401
1691 1973 40 95 1974
24 83 1975 7 1
1976 1902 389 21 7
1 1977 1978 153 1979
1980 1981 67 1982 1983
1984 390 45 238 149
54 200 666 1052 156
1985 7 1 1978 1977
153 455 176 11 696
149 28 1986 1987 475
1988 7 1 1989 883
380 1497 30 956 7
1 1990 1978 153 1991
51 91 221 494 1992
1993 1994 1995 45 1777
205 1996 480 7 1
1990 1978 153 1520 95
912 47 65 349 1997
45 1998 149 24 1999
2000 48 372 2001 64
242 2002 2003 490 7
1 1977 1978 153 40
159 2004 7 1 366
416 717 1369 2005 55
2006 188 33 2007 521
2008 2009 2010 7 1
2011 100 2012 521 2013
83 286 86 2014 2015
73 2016 7 1 153
2017 7 1 153 2018
2019 7 1 1137 1451
7 1 2020 358 1622
1532 14 238 2021 78
270 52 83 2022 541
24 2023 791 238 1328
2024 2025 2026 1656 2027
2028 2029 7 1 1989
254 366 1641 2030 7
1 1989 78 237 1845
2031 63 16 565 176
16 2032 2033 63 430
179 1902 242 2034 91
2035 1843 876 7 1
1989 331 382 242 83
456 45 416 47 45
1274 83 815 45 238
2036 78 182 2037 2038
1052 47 2039 2011 326
7 1 1989 78 2040
1077 54 238 4 2041
1277 447 959 1869 45
2042 83 2043 2044 762
763 78 852 45 2045
7 1 1989 87 42
282 2046 403 45 83
2011 2047 209 42 1537
389 42 277 51 55
2048 2049 388 242 24
2050 7 1 1989 732
2051 331 2052 2053 42
2054 2055 42 382 95
52 45 2056 102 83
2057 45 82 2058 7
1 1989 64 349 2059
366 1641 231 2060 323
2061 95 1651 2062 2063
851 83 2064 2065 871
412 925 7 1 1989
42 255 2066 7 1
1989 2067 2068 2069 7
1 405 42 202 389
866 7 1 2070 306
2071 45 2072 14 48
1067 100 1520 2073 7
1 1520 63 64 55
2074 2075 2076 398 28
153 115 2077 55 2033
2078 719 45 488 2079
7 1 78 522 78
689 45 2080 45 2081
90 176 412 78 320
47 45 416 164 2082
2083 7 1 2084 1451
7 1 1827 153 2085
7 1 153 2069 7
1 2086 47 93 2087
2088 7 1 1234 1663
1013 507 7 1 202
600 402 156 51 19
2089 2090 7 1 2091
2092 7 1 72 2093
7 1 1827 153 127
2094 2095 7 1 309
179 353 64 2096 14
2097 353 64 238 2098
353 238 2099 262 95
83 2100 2101 7 1
615 11 696 494 1844
1970 2102 45 2103 2104
176 263 2105 2106 54
238 2 2107 7 1
883 2108 2109 78 220
529 83 2110 2111 48
2112 42 759 2058 7
1 4 412 591 45
220 91 447 1707 188
2113 2114 14 2115 67
2116 2117 45 242 2118
411 2119 45 2 2120
1673 7 1 1946 238
581 2121 668 179 42
52 83 2122 2123 2124
230 2125 403 45 2126
7 1 1138 321 431
78 856 220 1169 1504
45 1185 1741 209 83
2127 14 2128 2129 2130
63 83 1067 2131 7
1 75 2132 355 2133
238 2134 2135 297 238
1992 664 48 238 2136
2137 45 2138 238 2139
54 238 149 2132 2140
7 1 713 424 876
7 1 713 1356 2141
93 38 16 2142 78
609 7 1 238 2143
2144 2145 45 238 2146
2147 63 1072 829 176
19 2148 2149 114 45
2150 42 1122 7 1
903 78 388 389 200
664 1650 7 1 384
328 200 200 200 7
1 153 1159 1639 238
2151 2152 2153 644 237
83 2154 2155 7 1
153 829 2156 7 1
2157 2158 78 1457 2159
24 238 523 48 2160
388 2161 324 2051 683
2162 7 1 153 179
42 2163 30 2164 188
2165 2166 2167 259 2168
601 2164 469 2169 112
2170 2168 45 2171 67
2163 2172 7 1 153
19 63 2173 71 2174
83 1006 2175 24 145
149 54 15 2176 2177
7 1 2178 153 491
523 47 2179 7 1
608 153 2016 2180 958
242 163 14 2181 209
2182 7 1 2178 491
153 67 2183 7 1
2178 491 153 19 93
358 622 2184 856 2185
7 1 491 153 76
30 321 48 42 2186
2187 24 19 2188 95
1640 64 45 259 156
411 100 83 296 227
2189 7 1 491 153
78 323 52 2190 1875
209 83 1064 67 1497
297 156 1066 238 2191
476 2192 176 161 15
2193 45 2194 7 1
228 153 48 111 7
1 491 153 78 1909
179 19 2195 2196 117
43 2197 149 87 179
117 319 117 43 2198
83 1345 2199 2200 7
1 2016 153 202 78
2201 19 286 14 2202
7 1 153 829 358
2203 829 358 2203 7
1 153 202 78 2204
179 529 83 25 1401
353 53 1794 1630 2205
63 1794 1630 2206 412
2207 2208 7 1 2158
40 83 2209 100 2160
2060 2210 48 117 2125
42 45 1547 2211 45
2212 45 2 2213 7
1 615 2 645 28
2214 2215 2216 2217 7
1 405 109 7 1
438 297 710 262 64
2218 24 19 2219 2220
78 1603 495 1631 2034
48 1387 2221 7 1
438 200 129 717 78
161 45 2222 2223 7
1 438 78 2224 411
100 358 921 45 2225
24 2226 2227 54 358
719 2228 24 1217 773
407 2229 7 1 438
2230 2231 19 2232 1532
78 2233 2234 2235 45
924 67 231 100 238
2236 96 164 2237 2238
54 1739 2239 7 1
438 11 96 204 2240
2241 2242 1367 271 2243
2244 1641 2245 924 115
358 2246 2247 7 1
438 2248 2249 320 42
2250 48 2251 95 45
2252 54 2253 7 1
546 238 149 24 2254
2216 405 7 1 72
1739 76 763 45 1844
83 2 2255 24 358
348 14 2256 393 7
1 1522 1159 2241 2257
2258 221 762 88 2259
2260 238 924 78 2261
45 14 2262 54 2263
7 1 2264 2265 1745
361 83 2 296 297
1746 1567 30 40 750
54 2266 7 1 1549
2267 19 2268 185 221
78 416 45 1507 7
1 76 204 83 2269
45 242 259 24 83
2270 54 2271 540 2272
48 286 93 2273 2274
1989 10 7 1 1084
92 51 78 2275 392
30 2276 7 1 616
30 2277 7 1 11
2278 11 2279 1736 358
2280 585 1333 78 2281
218 2282 67 238 103
2283 2284 1691 2285 7
1 392 1989 14 2286
83 321 2287 24 447
10 2288 156 2289 54
238 1473 494 237 608
67 2290 7 1 1989
608 358 2291 2044 63
2292 67 1461 78 202
39 796 357 521 2293
2294 1742 2295 7 1
2296 1989 608 78 220
262 276 115 489 7
1 1989 474 188 15
1264 2297 393 7 1
1989 10 40 39 1984
67 2298 45 2299 87
366 282 329 292 608
1225 2172 7 1 1989
188 366 1262 102 606
2300 608 7 1 1989
1268 115 2301 78 222
45 2302 393 10 608
7 1 1814 255 64
53 489 78 93 367
1600 86 403 2303 45
1639 156 1912 238 2304
100 1993 2305 176 39
2306 7 1 176 19
2307 2308 2309 2310 7
1 78 237 358 2311
2312 2313 67 2314 45
2315 28 2316 2317 67
78 416 48 2304 2318
1547 14 2319 2320 7
1 2051 38 30 510
209 45 2321 156 83
302 658 271 2322 2323
45 2324 2325 7 1
358 2326 2327 63 371
45 2328 156 24 83
2329 2330 449 64 38
2331 48 2332 388 426
2333 449 122 2334 2335
7 1 78 416 48
2231 206 219 2336 63
83 456 45 1052 494
222 2058 176 47 2337
45 242 83 950 617
2338 24 166 45 925
7 1 958 856 242
2339 45 2328 1386 16
2340 45 19 2341 185
24 358 2031 1630 67
2342 403 54 2343 2344
1296 7 1 962 358
1265 2345 2346 45 2321
156 83 2308 2309 45
1912 83 2341 185 100
2347 45 2348 2349 28
2350 7 1 228 2351
83 2352 7 1 2353
668 2354 118 64 527
2355 176 112 229 388
366 2356 65 48 2357
2358 7 1 228 78
796 238 2359 443 63
1017 7 1 674 78
2346 83 2360 1300 45
238 2361 76 2362 2363
1527 2364 86 238 2365
2366 2367 7 1 52
22 2368 2354 2369 91
2358 67 272 2370 1289
7 1 1412 48 900
231 63 2371 7 1
1414 2372 2331 45 242
2373 2374 2375 14 2366
67 2376 2377 2378 7
1 1412 1094 78 995
48 2379 842 102 54
2380 76 33 7 1
1412 14 1282 67 2381
2382 188 164 1997 2383
2384 2385 323 416 238
263 2386 2387 107 1916
238 2388 7 1 2389
982 78 220 76 617
100 83 2390 67 16
100 83 2391 2392 45
814 2393 7 1 1280
83 2394 2395 2396 115
2397 7 1 2389 2398
47 2399 76 1455 78
995 2266 7 1 1412
78 389 876 78 935
2400 65 238 2401 2402
2379 95 83 2403 475
1267 45 52 2404 494
188 2405 7 1 2406
2407 344 83 2 2408
2409 14 2410 7 1
78 1527 2411 7 1
677 78 237 238 659
67 2412 2413 297 238
494 2414 91 2415 305
2416 522 76 349 659
45 2417 7 1 75
1762 2418 2419 24 1507
78 161 45 1001 411
24 15 2420 2421 87
80 45 2422 14 238
1328 7 1 200 231
24 1369 1370 202 686
229 659 47 63 2423
2424 2425 7 1 2426
694 2427 67 24 238
2428 2429 7 1 2430
2431 54 1026 28 238
2432 78 220 19 231
63 358 2394 7 1
616 2433 2434 7 1
142 2435 96 430 1637
54 2436 238 2437 791
1744 40 105 100 2438
83 201 14 390 2439
376 42 27 29 7
1 152 2296 20 237
2440 2441 24 238 130
2442 7 1 153 829
358 2443 42 1582 1650
679 7 1 153 656
48 2444 2445 2446 63
88 2447 2448 7 1
438 83 2449 2450 42
188 39 964 67 2451
401 2452 7 1 76
451 45 759 2453 2454
115 238 2455 1387 176
2456 2051 856 276 2457
7 1 1762 2458 438
183 91 1092 2459 1520
45 2460 55 149 67
2461 55 2462 7 1
238 2463 339 100 1952
980 156 100 83 2464
7 1 2465 2466 28
238 412 2467 2468 7
1 2469 2470 145 2129
2130 388 178 42 2471
1165 1185 2472 656 1360
54 19 2473 7 1
2474 2475 2476 2477 176
331 63 80 1360 54
2478 225 122 2479 63
2480 45 2481 7 1
2475 2476 2477 1159 176
205 2482 2483 1641 294
209 2484 45 1052 2485
933 1165 2129 2486 7
1 2487 2477 2475 83
1067 2488 2489 2469 1394
145 2129 2130 45 2471
2490 1185 2472 7 1
491 2491 7 1 883
2492 2493 2494 680 474
188 350 2495 718 179
117 2496 14 42 87
2497 7 1 883 2492
2493 2498 850 237 2499
7 1 194 392 14
238 2321 1638 78 2001
2500 42 54 2501 2502
1486 238 454 7 1
194 78 723 682 47
30 1454 2503 11 12
1623 19 461 2504 176
521 40 95 412 2505
7 1 521 40 30
1940 48 78 182 2506
2507 472 679 7 1
78 93 53 321 54
19 2508 461 292 2509
2510 67 2021 2511 54
358 2512 7 1 2513
63 65 2514 411 2515
54 2516 115 238 2517
14 2518 2519 2520 7
1 198 2521 2522 1159
177 1575 7 1 198
2521 254 51 918 63
48 67 601 202 78
416 1720 7 1 75
2523 2524 2525 2526 2527
2528 1036 2529 2530 7
1 2531 55 2532 67
2533 2534 388 1394 42
83 2535 100 1035 76
1165 1573 45 312 47
871 1052 2536 1138 7
1 78 388 935 416
2537 100 2538 7 1
539 2539 664 1696 877
2540 33 2541 2539 7
1 1989 2542 2543 2544
188 2545 402 814 4
2546 2547 7 1 1989
2542 2548 579 2549 656
238 652 100 108 179
117 401 2550 238 149
2551 40 2552 55 2553
1066 7 1 2542 1989
320 1049 306 22 1401
160 1049 871 222 45
2554 29 7 1 75
1390 176 78 388 242
24 2555 238 2556 7
1 2557 2558 2559 705
2560 2561 7 1 126
2562 673 7 1 762
2563 202 242 83 2564
850 42 118 1992 86
2565 15 45 283 55
2238 2566 7 1 2567
2568 78 640 55 2569
91 2570 2571 115 55
2572 389 42 778 238
2573 117 87 2574 2575
7 1 2567 656 55
2576 456 45 129 65
48 2577 78 52 15
2578 176 958 995 45
796 28 16 2579 2580
7 1 2581 475 1998
83 2582 51 389 42
1101 26 319 100 297
238 2583 221 2584 163
2585 14 2586 2587 2588
2589 7 1 228 430
595 7 1 1373 2590
52 2591 67 2592 305
14 238 622 763 24
2593 2594 7 1 883
2492 2595 935 2596 48
614 495 1497 138 717
931 7 1 2492 254
238 2597 641 188 200
956 2598 78 401 52
1212 2599 78 95 1640
45 1651 45 2600 403
791 2601 7 1 294
209 2602 86 2603 2604
78 1739 2354 401 2605
2218 54 2606 7 1
883 2492 52 83 2607
2608 14 2609 2610 465
2611 403 344 12 2612
14 630 876 656 55
2613 7 1 145 2614
492 24 517 2615 24
238 132 2616 7 1
279 1522 2617 78 93
101 45 2618 179 42
270 421 2619 2620 7
1 279 86 2621 188
42 363 91 115 2619
2622 7 1 238 2623
2624 2625 2626 1764 2627
67 872 91 2628 1359
1086 242 2629 179 47
2630 138 238 1360 2631
7 1 78 93 101
45 84 91 717 176
656 238 652 179 78
182 815 45 238 2632
2633 2634 7 1 132
2623 344 83 412 1264
1078 91 231 100 145
1336 2635 349 2154 47
1708 242 593 2636 14
83 2637 2638 7 1
57 1503 78 1101 78
96 83 2639 14 762
763 78 884 297 149
67 2640 160 376 42
879 2641 7 1 57
1503 254 579 238 2642
7 1 57 1503 2456
78 389 416 2643 2644
411 100 1623 2645 149
67 2231 47 1264 67
2646 7 1 1503 57
78 694 14 357 679
7 1 2647 200 1257
42 1497 33 2648 67
2319 24 48 528 7
1 2649 2650 2651 138
2652 2653 2013 2647 13
33 2654 7 1 75
2082 237 237 2655 7
1 126 320 600 2656
2657 2658 2659 7 1
229 45 2660 2661 48
137 427 2662 2663 2664
73 72 7 1 1047
78 376 237 45 2665
358 2666 63 238 263
209 358 4 2667 78
609 7 1 2507 83
2089 297 238 2668 2669
2670 7 1 238 515
2671 912 83 1622 45
238 2672 100 1382 1383
7 1 194 495 2673
19 286 456 2207 2674
115 2675 42 203 2676
86 2677 87 2676 86
2678 7 1 126 202
1039 1505 1130 2679 87
389 42 1651 83 470
87 1473 48 93 24
47 48 42 282 2680
7 1 2681 2265 179
22 1227 93 101 45
2667 47 719 78 376
52 319 47 376 242
19 264 176 78 1739
48 93 2682 7 1
176 19 2683 67 2684
63 2685 78 1251 295
28 19 2686 2687 474
1176 86 19 24 238
2688 7 1 11 1506
644 28 2689 24 2690
2262 176 39 52 83
914 100 300 14 1554
2691 11 12 83 1862
2692 7 1 117 2693
2340 100 238 2694 67
521 48 76 842 411
15 188 39 371 45
129 47 2695 67 2696
474 2697 7 1 2698
28 2699 2700 47 2701
48 2702 67 2703 100
83 1554 2291 78 1641
45 2704 2705 163 2706
2115 14 2707 7 1
2374 2375 14 2708 100
2706 2115 24 238 390
1357 2709 7 1 883
75 882 83 2710 3
87 83 237 19 2711
414 64 718 51 238
2712 314 7 1 75
883 152 78 93 91
45 2713 47 176 78
319 2714 242 349 2276
7 1 883 2715 93
164 2716 7 1 2717
78 2204 267 19 367
2718 7 1 438 48
376 242 2719 389 1639
156 277 179 1742 24
238 2720 2721 55 2722
7 1 1456 2723 523
2724 2617 7 1 883
2725 7 1 883 47
93 2726 2727 2728 1356
2022 221 78 689 45
1497 14 164 2729 2730
7 1 78 1739 78
202 521 312 414 750
45 2731 1750 24 2732
2733 2734 45 82 411
179 1040 24 2735 344
2736 358 1585 45 2667
2737 7 1 1560 1527
47 102 45 2738 47
93 2739 2291 42 67
392 2211 14 2740 156
45 48 2741 7 1
2681 491 1456 2742 78
202 2743 14 489 7
1 2744 45 242 2507
19 2745 54 2746 7
1 995 1869 2747 90
475 202 416 156 138
2748 14 2749 392 2750
7 1 198 78 416
83 2751 2752 64 14
1973 83 2753 7 1
95 2754 1486 297 2755
392 2756 67 713 14
238 2757 1661 115 51
93 101 2758 7 1
95 2759 83 745 28
2023 45 2760 67 521
414 1261 115 4 48
2761 101 115 1486 331
2762 2095 7 1 829
2763 2764 42 1497 2173
2765 7 1 677 64
48 78 2766 176 78
93 371 45 2767 644
209 2768 209 2769 7
1 2770 1802 2771 63
276 163 245 358 2772
2773 2774 7 1 674
42 118 1844 164 2609
2775 14 2776 2604 7
1 2777 1773 2778 7
1 228 2779 45 2780
1752 2781 7 1 228
2782 2783 2784 40 371
45 220 100 80 48
376 2785 16 582 618
2786 176 78 2787 805
7 1 438 1522 2617
78 52 15 763 2788
83 2789 331 30 78
93 101 45 759 179
42 852 45 2790 15
2241 2791 1048 391 7
1 438 188 42 39
24 2792 86 22 2793
7 1 14 221 42
412 161 45 2794 24
407 2795 7 1 1047
19 344 12 345 45
156 425 47 2337 45
369 7 1 677 297
22 2796 495 1639 42
277 179 40 101 45
242 2797 7 1 677
209 100 521 78 401
52 22 25 1401 45
426 2798 45 2799 176
850 495 1992 2800 2801
1066 393 7 1 491
677 1175 353 1508 78
2802 52 2803 65 358
4 2804 209 83 2805
115 238 2806 2807 7
1 677 11 935 2808
176 2809 2810 160 389
42 2811 7 1 677
78 1538 2812 128 759
156 209 16 2813 618
238 2814 2815 2187 2816
2817 7 1 677 2199
63 101 2818 11 2819
83 2064 2820 2809 231
100 403 1225 2821 7
1 677 829 1809 2822
504 430 1637 2823 866
7 1 142 228 63
856 95 83 964 524
78 27 1736 14 149
1843 67 2824 2825 218
100 447 78 943 45
277 42 445 7 1
677 179 1742 107 2826
45 129 47 2827 1742
53 16 618 83 914
100 2580 7 1 142
358 2828 228 2346 91
2829 2830 1275 78 723
975 83 918 42 2346
14 238 900 763 2831
7 1 677 209 305
1762 53 238 13 78
202 402 42 406 64
1212 2832 14 630 1389
7 1 2833 63 30
2834 54 2835 48 2836
2837 2838 24 877 83
747 7 1 252 2839
567 2840 1582 161 2841
876 7 1 289 290
48 63 1810 393 7
1 2842 2843 2844 2845
7 1 177 1667 45
238 799 2846 2847 7
1 2731 1750 63 1532
45 238 790 2848 2849
2850 7 1 228 2851
2265 238 918 54 238
1843 63 2852 7 1
228 40 163 24 238
2853 2720 7 1 2854
2509 2855 1101 156 2856
7 1 883 2857 7
1 2858 1522 78 1641
45 995 53 2859 2860
39 2861 45 242 2862
7 1 289 2863 7
1 358 2864 90 188
2865 48 78 908 1497
95 237 1161 54 2866
410 2867 78 1497 95
237 1161 54 2868 2869
7 1 78 319 19
376 242 358 622 2870
601 78 2871 52 45
1704 933 358 2872 14
2873 176 238 2870 2874
344 88 2875 7 1
2876 1512 78 2877 2878
48 2045 750 2879 45
692 1750 87 2880 2881
7 1 142 2882 7
1 78 95 52 80
24 358 2883 2884 2885
7 1 142 2886 45
2800 2887 24 2888 2889
7 1 142 2890 78
723 91 45 2891 7
1 867 35 48 63
2892 7 1 2893 1972
14 758 67 2040 1204
1195 2894 7 1 1972
48 63 2895 7 1
2542 358 1494 320 47
30 1049 282 1519 83
2896 100 137 2897 45
156 408 366 401 412
52 22 1072 7 1
1234 685 237 331 591
45 242 83 1257 176
78 52 200 2898 51
47 314 7 1 1234
2899 78 52 200 2900
7 1 1412 51 2106
45 2901 7 1 2902
45 2903 137 2904 2905
2906 403 658 271 2907
100 2908 1939 2909 658
271 2910 100 103 2911
7 1 78 1273 116
40 108 2912 14 238
2913 2914 2915 30 78
277 51 40 1262 267
138 221 78 1385 19
2916 7 1 295 1452
2917 358 1494 95 1331
156 45 220 100 267
209 2918 2919 206 45
2920 7 1 867 2921
2922 7 1 2923 1411
1207 67 2924 86 2925
7 1 71 2926 115
238 339 67 856 115
2927 2928 2709 393 2929
7 1 2040 78 412
1909 51 1195 344 2930
2931 73 2932 7 1
2933 7 1 2933 78
1739 76 83 2 2934
231 48 78 1338 2935
7 1 2933 78 182
2936 447 78 237 2937
19 87 238 1336 2938
2939 2940 2941 7 1
2932 2942 7 1 674
115 238 88 2943 47
202 270 416 295 28
2944 7 1 1234 2945
76 2946 209 2947 209
2948 2949 2950 7 1
405 78 203 76 30
1997 45 2877 2951 2952
24 83 2953 2954 282
943 45 2955 1099 236
2956 7 1 405 2957
2822 7 1 2542 671
2068 78 689 45 2958
67 78 935 2196 47
93 1168 1179 7 1
2959 158 366 188 115
4 349 2960 338 271
2961 7 1 327 2962
2963 837 45 2964 176
47 714 237 42 388
242 1212 2965 30 2966
7 1 228 14 15
1401 78 220 100 2967
209 367 1280 1810 822
2968 2969 176 64 2970
7 1 228 651 2971
2972 83 2973 209 83
2974 81 668 238 2975
100 2976 2977 67 2978
2979 54 200 2980 2981
2982 7 1 228 329
188 42 1508 83 2973
63 83 2983 24 238
2984 100 2985 2986 2973
63 456 16 2987 45
2988 618 2967 2489 7
1 228 78 1085 331
188 15 475 376 2989
83 2973 63 83 2990
1029 115 55 2991 100
2992 78 2993 7 1
228 2994 2995 2990 2996
78 320 52 83 2997
100 2998 2999 7 1
3000 100 238 2312 2313
2618 52 2369 83 1010
3001 24 3002 3003 3004
309 7 1 78 93
719 91 238 1401 14
238 3005 3006 7 1
1972 1485 355 238 3007
45 3008 7 1 2051
355 1261 380 2709 1494
81 3009 51 188 238
2897 3010 7 1 358
3011 3012 156 83 3013
100 2897 54 200 2569
176 414 3014 19 63
122 456 100 371 45
1656 137 45 3015 393
7 1 1977 3016 19
3017 382 856 242 3018
7 1 1989 124 2595
177 1575 7 1 3019
3020 158 7 1 3019
3021 3007 567 3022 3023
112 3024 3022 567 115
238 3008 392 14 13
138 489 7 1 3019
40 371 45 1764 83
1622 176 1869 200 2856
12 3025 238 1395 3026
14 2065 176 331 188
39 200 3027 7 1
3019 63 331 83 1401
42 401 52 3028 606
14 1288 3029 2065 644
81 48 358 3030 416
3031 791 78 202 183
45 83 3032 7 1
1013 3033 14 3034 179
78 96 200 231 45
3035 91 19 2508 461
54 78 382 107 3036
3037 7 1 491 3038
7 1 76 3039 221
358 3040 3041 3042 1486
238 1967 78 367 935
759 600 3043 494 1273
242 30 1156 91 3044
122 3045 7 1 3046
683 238 263 3047 3048
48 270 1356 2022 2278
3049 93 2154 7 1
1304 40 510 100 3050
48 358 3051 344 238
3052 45 1052 3047 3048
3053 7 1 3047 3054
64 3055 113 95 3056
3057 3058 1052 3059 494
3053 3053 7 1 713
1991 2113 100 358 90
39 488 103 3060 67
117 95 759 156 209
1280 3061 1066 7 1
713 76 3062 78 401
237 64 683 44 45
759 3063 606 297 83
3064 3065 176 579 64
83 3066 3067 7 1
713 254 67 78 2001
389 1179 40 95 3068
875 86 51 79 3056
188 430 2 3069 7
1 579 455 3070 1052
156 787 45 3071 39
1092 103 3072 579 83
321 456 45 416 156
45 3073 3074 7 1
1412 677 376 47 242
559 100 238 2775 48
3075 28 156 3076 358
3077 7 1 677 78
161 65 100 380 206
45 178 156 64 3078
358 3079 7 1 200
16 100 19 3080 3081
2915 87 495 1868 163
3076 3082 24 83 3083
3084 3085 3086 3087 3088
7 1 615 903 48
1939 63 108 2846 720
24 3089 100 83 35
664 3090 1212 3091 35
510 100 379 7 1
615 903 63 331 83
1480 3092 24 1275 87
188 42 3093 358 3094
3095 3096 3097 54 705
3098 3099 7 1 198
1440 3100 7 1 957
465 2612 45 52 45
432 163 3101 720 1972
1527 83 321 1387 1452
3102 7 1 957 113
856 1267 45 178 3036
1486 3103 45 2550 48
1987 3104 95 3105 2724
3106 3105 876 3107 7
1 903 229 3108 48
238 815 63 45 83
3109 3110 7 1 2096
14 2160 1470 3111 3112
521 78 52 45 1547
45 3113 3114 1774 2160
176 78 908 220 78
237 42 48 2276 7
1 153 680 78 277
51 42 2405 11 361
962 933 14 3115 1259
67 723 3116 238 2307
1259 2507 472 7 1
153 229 174 320 238
3117 383 1095 7 1
153 680 78 3118 115
3119 3120 40 101 45
242 3121 14 83 1357
3122 78 401 277 229
495 129 472 7 1
153 200 78 39 52
45 3123 3124 3125 7
1 153 3126 78 694
237 78 3127 129 163
54 19 2508 3128 76
64 349 451 176 76
664 83 763 3129 7
1 3130 30 1774 45
796 168 7 1 1440
3131 40 3132 411 238
3133 1773 3134 7 1
3135 3136 238 2312 2313
297 2958 3137 67 76
36 3138 7 1 491
238 1473 3139 277 42
1635 759 19 3140 7
1 194 850 76 238
3141 347 100 3142 3143
7 1 194 504 2809
3144 324 48 683 3145
395 83 33 430 3146
1608 3147 7 1 194
1979 1571 1843 3148 523
47 1225 3149 1452 349
1212 16 3150 7 1
194 3151 179 42 222
403 7 1 3152 3153
366 188 3154 674 395
164 3155 982 1573 475
42 3156 24 238 3157
176 2379 964 2240 45
242 2217 7 1 3158
3159 67 361 45 759
3160 3161 67 3162 2562
7 1 1757 45 238
924 28 3163 1382 912
156 1600 45 426 3164
163 16 103 1043 121
54 438 209 238 3165
3166 7 1 615 93
47 3167 7 1 802
1992 45 83 174 3168
1262 3169 86 3170 3171
7 1 1047 48 63
3172 3173 3174 35 7
1 674 714 3175 495
3176 42 358 3177 30
366 202 3178 411 238
3179 7 1 221 388
3180 3181 1379 221 388
358 913 3182 221 388
238 3183 1868 221 388
78 740 3184 7 1
3185 42 3186 7 1
491 1284 3115 3187 7
1 3004 3188 47 3189
358 669 3190 3191 3192
7 1 3004 3188 3193
3194 876 7 1 3195
3188 2265 7 1 3188
3195 3196 81 2051 3197
122 3198 3199 3200 3201
3202 2930 2187 437 7
1 491 3203 7 1
674 40 2298 2915 851
3204 87 1174 856 2113
100 238 2439 30 2398
155 802 14 42 63
1230 54 687 7 1
674 3205 331 188 3206
176 117 2001 64 242
238 2113 3207 78 52
83 1571 30 78 282
2246 1486 2797 7 1
674 40 163 24 1369
1370 176 282 842 1486
3208 19 3209 179 48
155 14 357 7 1
674 829 2539 353 30
3210 179 42 52 83
2298 3211 100 763 297
15 652 376 42 222
45 2780 3212 87 63
47 3213 1841 1404 7
1 674 329 188 42
24 3214 7 1 40
589 48 19 3215 388
355 95 3216 3217 3218
3219 209 3220 100 238
3221 3222 7 1 1137
176 115 130 100 48
238 211 2354 475 3223
225 100 1993 14 122
3224 3225 100 294 188
65 3226 3226 3227 480
7 1 1137 689 115
83 174 3035 3228 488
100 238 1345 3229 447
63 2154 2240 1747 28
83 3230 211 530 490
7 1 3218 3231 221
42 116 664 3232 206
42 1052 47 451 14
156 45 237 238 964
1843 2435 1260 7 1
238 3233 1259 3234 918
912 156 3235 45 38
102 163 45 358 3236
67 112 3237 489 3238
7 1 3239 3240 55
1460 112 3241 3242 3243
45 3244 403 1605 100
1054 47 871 3245 7
1 2 85 115 238
364 3246 1411 364 67
3247 1297 3248 3249 3250
7 1 309 1088 115
3064 229 3251 3201 3252
3253 209 3254 86 3255
3155 3256 7 1 3257
91 238 2117 3258 100
3259 185 364 3260 115
3261 3262 3250 7 1
2959 76 164 2846 3263
366 52 83 84 3264
2 85 101 163 3265
1367 7 1 2959 3266
1063 3267 7 1 2959
1284 1171 24 2023 176
11 2292 45 364 3268
238 365 188 3269 1664
710 14 157 3270 3271
2554 1225 3272 7 1
2959 40 297 238 3273
3274 14 3275 3276 81
3277 53 149 374 14
83 3278 3279 365 24
1382 1383 7 1 2959
3280 30 353 24 238
3281 1135 7 1 491
2562 78 277 2959 28
1265 30 78 202 2743
14 814 3282 7 1
37 3283 1247 45 242
3284 7 1 3285 376
48 47 43 679 7
1 3286 3287 7 1
3288 3289 1268 63 582
7 1 153 254 40
865 612 2963 237 40
412 3290 2188 7 1
153 3291 100 3292 3266
47 101 14 1095 40
3293 427 3294 76 3295
411 45 242 83 190
763 3296 14 156 176
76 3297 7 1 3298
42 935 222 45 3299
238 3300 100 238 953
1273 242 3301 3302 1092
164 1520 3303 7 1
2932 78 38 3304 48
221 42 2346 866 78
93 30 589 45 759
19 3305 3306 24 358
3307 1461 2211 420 19
1471 7 1 3308 47
63 3309 3310 643 297
238 3311 3312 3313 305
2026 178 2058 274 7
1 3314 1520 2907 45
3315 3316 3317 118 242
3318 78 723 101 45
2767 14 3319 115 19
3320 3321 7 1 19
63 164 3322 3323 3324
78 182 220 100 22
3325 601 3314 1520 2907
376 242 238 456 45
1537 7 1 48 1356
3326 35 935 1691 238
3327 3328 238 3329 3330
100 3331 3332 63 3333
7 1 3004 230 238
744 48 78 3334 19
3335 1052 156 83 3336
3337 78 523 3338 7
1 1972 87 38 179
76 3339 7 1 3340
3004 40 64 718 78
118 38 3341 45 2786
3342 47 376 242 3343
45 52 3344 14 238
3345 7 1 2958 388
3346 3201 3202 2930 474
475 3347 2312 2313 3348
3003 3004 7 1 78
167 19 209 221 55
3349 3350 2040 47 230
694 48 379 1952 7
1 995 48 3351 3352
1952 45 3353 67 3354
540 7 1 75 158
7 1 3355 392 3356
7 1 2609 2775 361
2369 163 86 3351 100
3357 7 1 3351 392
3358 7 1 3185 3359
865 47 3360 411 540
7 1 3185 523 47
3361 411 1881 7 1
3185 63 47 3362 3363
7 1 75 3062 1616
55 3364 523 76 3365
7 1 305 3366 65
100 3367 3368 24 238
3369 100 164 1373 3370
24 218 3371 67 103
3372 7 1 75 3062
1639 156 1616 91 238
1843 78 52 24 1691
67 495 416 102 45
357 7 1 75 2595
1455 188 42 13 14
149 45 488 209 3373
87 95 45 488 3374
14 3375 3376 7 1
75 3377 163 3378 202
2204 51 238 1277 2090
78 382 52 80 176
958 161 45 1616 179
78 202 1815 489 7
1 677 78 796 357
40 101 45 242 750
3379 64 13 3380 45
47 231 1067 3381 953
100 3382 48 3383 7
1 76 237 3384 3385
2524 3386 45 3387 3388
252 3389 7 1 677
829 200 679 7 1
327 83 1064 475 93
331 2346 83 321 3390
3391 7 1 327 856
238 3392 3393 24 3394
3395 3396 48 1273 1280
1829 943 115 238 3397
3398 7 1 1594 176
412 76 64 107 55
1406 176 47 314 7
1 358 1834 3399 1527
19 339 100 2609 3400
2041 7 1 3401 3402
2265 331 188 30 877
2057 45 1339 19 2898
1452 683 1165 3403 529
200 3404 64 3405 7
1 1138 19 1489 163
3406 24 83 3407 286
78 640 3408 40 30
2537 100 19 556 1310
408 877 3409 3410 3411
7 1 3071 2721 3412
118 242 1261 1590 67
587 719 1066 7 1
498 1590 78 220 42
161 19 3413 45 426
54 238 211 3414 3415
7 1 1047 51 389
117 1052 3416 7 1
42 202 488 238 2349
3417 3418 115 3419 45
416 474 1715 3420 437
3421 1049 344 2058 7
1 3422 1573 45 312
47 912 42 2785 3423
67 411 100 3424 237
3425 411 100 3424 237
115 1048 3426 7 1
3427 3428 2113 1155 1403
3429 42 355 52 2240
2349 14 48 63 3430
83 3431 7 1 3432
83 3433 1361 3434 2615
3435 392 3436 7 1
228 3437 376 995 45
2780 163 3438 7 1
228 47 230 3439 78
382 38 242 24 2555
238 3440 3441 371 45
842 163 297 15 652
24 3442 7 1 228
254 355 64 24 238
3443 14 156 3444 19
3445 176 20 2069 188
42 3446 7 1 228
78 93 95 91 45
286 3447 297 42 45
1052 718 42 640 168
78 1640 45 1497 411
14 1752 3448 7 1
1292 3449 3450 100 3451
3452 683 3453 24 3454
3455 73 3456 7 1
405 856 3457 11 935
96 83 3458 3459 67
3460 3461 358 1934 45
687 7 1 78 382
242 83 1494 3462 67
40 3463 718 48 78
388 64 3464 358 3465
923 54 358 1671 30
401 3466 3467 7 1
504 42 282 3468 22
3469 3062 176 42 1988
1333 366 401 3470 3471
401 1025 3090 7 1
238 249 1195 237 353
363 45 55 1494 918
3472 3473 91 475 366
3470 202 242 3411 3474
7 1 3475 3468 3476
14 3477 67 2435 3478
238 3479 1452 683 3480
76 64 3481 7 1
3482 78 3483 19 510
100 3484 28 3485 3064
238 1300 122 1252 3486
813 156 775 122 3487
2293 3488 3489 3490 7
1 30 2537 100 19
3491 3492 3409 1025 1195
209 504 209 600 3493
15 188 38 3411 3494
7 1 1590 19 63
83 412 3495 3496 1013
42 14 1932 7 1
57 40 3497 1275 371
45 3498 48 176 76
349 3499 161 16 3500
3501 7 1 343 2068
109 7 1 3131 3502
3503 3504 52 12 3505
521 78 388 3506 3507
67 1385 3508 7 1
713 392 14 238 3509
78 220 495 1640 231
100 380 3510 3511 3512
3501 7 1 3513 1456
78 361 47 45 492
231 763 176 265 1052
47 3514 65 238 3515
1904 78 1458 47 3516
3517 7 1 1013 1752
3518 3519 7 1 75
714 3520 392 3521 7
1 713 270 3522 7
1 1269 1904 115 83
3523 229 389 78 389
29 3524 3525 118 1639
156 176 47 3526 88
3527 7 1 2609 2775
63 297 643 3528 2607
3529 78 3530 52 200
2898 229 19 3531 176
1013 42 90 475 3532
3519 7 1 280 3533
7 1 75 3534 78
202 3535 1720 7 1
1456 48 63 108 3536
78 995 238 3537 719
231 209 2182 7 1
1059 78 320 238 263
918 83 2064 100 2065
3538 7 1 153 414
865 1742 53 47 425
912 47 16 2832 393
7 1 153 3539 3540
3541 7 1 3542 1317
3543 3544 3545 7 1
1827 2180 719 521 153
67 78 188 3546 540
7 1 153 3547 388
3548 392 7 1 153
829 3549 579 3550 78
723 39 115 3551 67
161 45 389 19 3552
3553 3554 7 1 153
188 42 1858 115 2508
1843 19 3555 7 1
1137 3556 78 389 763
1468 1469 115 164 3236
451 2246 3557 3558 14
3559 7 1 3556 382
78 2656 48 521 382
242 83 430 763 45
220 91 3560 163 55
2448 7 1 126 109
1451 7 1 145 622
3561 3562 45 3563 252
3564 7 1 3565 3566
521 40 3567 358 3568
163 540 7 1 75
63 19 237 3569 3570
14 3571 3572 1333 48
714 1455 7 1 366
188 1262 664 582 3573
297 3435 804 804 804
65 42 3574 540 7
1 3575 51 389 42
220 100 2609 3576 7
1 124 3577 3578 349
877 1006 3579 7 1
124 78 3470 42 203
3580 982 1086 242 3581
179 187 3582 54 83
3583 3584 3585 3586 3587
3588 7 1 2992 3589
2292 3590 100 1054 438
382 2204 179 529 22
664 918 209 2992 3589
2292 2822 7 1 78
3591 358 622 30 576
3592 3593 3594 2041 7
1 491 176 78 995
424 679 7 1 47
93 95 83 1111 3595
3596 3597 292 78 2596
45 3598 238 3511 3599
3600 2041 7 1 615
3601 392 3602 1159 366
52 271 3603 7 1
194 48 3604 414 1774
679 7 1 194 401
277 51 2106 176 78
523 353 2617 7 1
3605 3606 3607 67 2630
115 238 3608 3609 188
42 3610 3611 254 3612
64 3613 720 7 1
67 521 40 287 3165
897 388 52 45 329
45 242 3614 101 45
426 3615 2023 3616 3617
28 83 3618 1104 7
1 78 237 19 456
3619 28 521 115 78
388 935 306 600 83
3620 270 83 3621 78
3622 42 65 45 389
238 1943 7 1 1406
95 3623 45 116 78
118 306 1161 83 239
221 78 3624 176 3625
3626 47 45 306 156
83 3621 7 1 615
883 64 1361 3627 176
392 14 238 3628 7
1 3629 95 3630 47
388 1704 115 357 7
1 3629 76 164 3631
176 209 1454 209 40
3632 65 3633 3634 188
3635 2545 7 1 883
48 980 156 78 52
231 11 12 3636 45
3637 176 47 388 242
358 622 67 40 1065
141 7 1 64 38
164 3165 3633 897 202
3638 358 3639 91 238
744 48 1952 361 3640
2607 2804 962 720 805
7 1 1431 78 388
3641 1752 3642 176 64
1501 7 1 856 238
3643 238 897 1489 24
63 601 78 1843 3644
1786 14 488 326 30
521 358 1041 63 3645
54 3644 3646 7 1
713 47 96 295 377
7 1 521 11 3647
358 1041 3648 13 14
238 897 3649 3650 1434
78 3651 47 3652 501
3653 78 580 357 7
1 19 897 3553 63
107 3654 14 3655 24
238 1868 78 1280 2936
78 323 412 161 45
3656 2398 47 93 1719
7 1 491 75 3657
306 156 83 950 2071
1072 7 1 75 3658
3658 3659 3660 1689 78
3661 30 877 3662 7
1 160 202 42 3663
176 64 3664 42 3165
3665 3666 7 1 615
664 2162 7 1 3667
3668 1036 802 3616 185
3669 468 1814 67 814
90 3670 7 1 19
63 412 3671 42 3657
7 1 3633 3634 3672
45 383 156 1486 83
3673 3674 78 1992 1262
349 3675 91 358 3676
3677 7 1 3678 181
2495 3679 100 1179 39
3453 720 7 1 358
4 3680 3681 242 3682
176 47 685 238 1820
3683 3616 3669 19 1630
63 3684 48 63 1455
7 1 3685 598 3686
252 3687 371 45 389
3688 2544 28 3689 3690
2041 7 1 1813 805
7 1 95 24 763
14 3691 3692 3693 2220
229 45 3694 3695 252
152 7 1 152 1576
931 7 1 152 3696
7 1 152 78 220
19 382 242 238 1360
815 2053 3697 3698 42
45 52 164 165 45
1039 88 2447 3699 7
1 498 3700 2593 100
3701 238 270 918 3702
91 2312 3703 3704 2740
1161 7 1 3351 3705
413 3706 78 1077 83
3707 2292 3708 2876 1954
3709 959 877 664 3710
67 96 12 3636 45
3711 7 1 142 3712
3713 83 3714 3715 54
3716 7 1 152 723
78 3717 87 93 48
42 78 640 3718 7
1 829 3719 7 1
1456 3720 7 1 3721
338 83 84 91 3722
2552 83 3723 3724 3725
84 3097 1747 3726 73
72 7 1 438 155
14 687 3727 389 42
52 22 3728 284 3729
3730 1984 48 42 382
222 45 3731 7 1
3732 366 43 2615 24
3733 149 1367 3734 3735
7 1 305 63 2034
91 1952 2775 24 3736
78 52 200 2898 51
3737 224 176 47 714
1455 7 1 3185 1576
177 45 1656 47 1748
3176 156 55 3738 7
1 230 600 52 83
3739 100 3740 3741 78
202 3742 76 3743 3744
7 1 615 3745 40
1376 238 3746 100 19
1007 982 850 64 209
1212 14 83 843 3747
3748 7 1 408 11
95 12 1409 100 717
3749 3750 3751 3362 3752
802 137 3362 3753 7
1 1807 384 1047 546
83 3754 1872 3755 3756
188 24 3757 202 1656
1205 349 179 42 1235
7 1 1807 384 1047
108 2276 3758 3759 3760
3761 3762 3763 3764 67
3764 3765 65 1225 3766
3767 7 1 384 1807
1047 78 52 83 321
3749 3750 3751 3362 3768
238 3769 2046 15 3764
2503 7 1 194 3770
78 995 48 117 96
45 3771 48 47 2495
164 3772 3773 3774 7
1 3745 3775 2235 28
194 67 903 388 242
100 3776 7 1 194
719 521 78 95 161
83 3777 45 1656 2010
176 495 355 259 47
115 2441 2161 3778 78
3779 358 3780 3781 7
1 194 903 1013 42
1846 7 1 78 161
45 2212 358 3782 447
63 1762 39 83 1345
3783 600 52 83 3784
87 3785 3786 117 3787
3788 7 1 1412 3789
3790 63 160 42 118
416 238 728 3791 7
1 1412 389 47 3792
1912 3789 67 156 24
238 3793 100 238 3794
7 1 1412 389 3795
7 1 361 358 940
2591 176 3482 200 3796
45 3797 209 3798 3799
7 1 1814 856 980
156 48 78 161 45
416 16 3800 3801 14
238 3802 24 358 3803
7 1 1814 76 238
950 206 24 3804 7
1 198 3367 3368 63
1258 3367 3368 344 3805
3806 67 2379 3807 200
200 200 200 200 200
200 7 1 674 540
7 1 15 1561 3808
3600 28 3809 2041 252
1952 7 1 1047 237
7 1 3810 145 185
3156 88 364 1987 3811
3812 3813 24 62 392
45 3814 7 1 1989
64 3815 176 3816 350
179 42 277 475 1077
42 202 2056 102 427
122 2709 76 83 2553
720 7 1 1989 2051
64 2292 3817 176 4
2199 270 114 102 3818
381 78 609 30 254
42 355 222 45 3819
141 7 1 3820 411
238 364 533 67 3821
3822 14 358 364 3823
297 1907 1367 7 1
1989 78 401 220 1174
51 912 42 220 3824
7 1 883 75 392
3657 7 1 883 51
320 42 488 45 1052
380 3825 3826 3827 851
3116 65 3828 3829 3830
7 1 494 188 3530
363 91 2312 2313 683
3831 78 3832 78 412
1726 7 1 40 3833
100 238 2187 81 1227
2340 475 3347 67 3834
297 65 238 176 2298
3215 76 3835 7 1
75 142 238 3836 100
622 45 119 91 164
2048 442 3837 447 3838
54 164 3839 67 15
2 3840 7 1 2595
164 3841 45 3842 3843
3844 3003 142 598 3845
3846 3847 7 1 3848
392 14 238 510 3849
3850 3435 366 806 15
3851 28 3852 67 3853
30 47 224 83 2352
7 1 2595 19 3600
63 3787 3685 252 1952
2876 7 1 491 3854
19 714 3855 7 1
142 40 101 45 426
3856 67 3857 3843 3858
3674 42 82 83 442
918 115 238 3859 3860
276 3861 91 489 7
1 78 93 95 91
45 286 297 142 91
238 3862 3863 918 176
78 759 2379 276 115
489 7 1 40 30
3864 297 238 1300 45
1952 30 1454 48 78
161 83 3865 3866 3561
45 1339 489 7 1
1503 78 3867 426 45
238 761 67 999 80
78 3868 242 3869 1356
231 78 3870 45 93
1597 3871 238 3872 3873
7 1 1503 78 1280
3874 3875 115 3876 14
3877 1089 3878 76 1264
45 416 3879 138 83
3257 115 83 174 3880
7 1 118 42 201
24 3881 115 3882 7
1 1456 3883 7 1
3884 20 1455 7 1
1234 371 45 1052 718
78 2733 3885 3886 392
14 13 411 14 687
7 1 83 1014 3887
3888 2041 3889 252 674
1952 7 1 305 95
3890 156 149 209 83
3891 54 238 2834 3892
3082 63 2827 67 3893
962 63 83 430 3187
7 1 883 1952 2876
3894 366 282 856 815
45 3895 54 238 3896
176 2211 850 349 647
83 3897 14 3898 7
1 883 1952 2876 40
65 14 489 388 52
45 1497 138 1262 3899
3900 115 3901 7 1
674 40 64 1353 717
202 42 1640 3902 262
39 3903 3082 287 7
1 2609 2775 63 856
115 3814 3435 2041 7
1 615 674 883 228
2426 3904 856 3905 393
7 1 615 674 883
228 2426 145 2609 2041
2775 84 63 3906 7
1 389 42 52 3907
28 2041 3729 2292 3908
2201 403 45 2876 67
156 297 7 1 153
3909 42 282 39 3910
238 1054 1452 3911 48
528 480 7 1 153
238 2745 3912 389 383
83 950 763 176 78
1085 42 282 941 472
238 2031 3913 3914 344
3915 3916 490 7 1
3884 20 412 109 63
331 83 456 45 52
2174 3511 3917 115 238
3918 3919 38 115 358
3920 3921 2051 204 49
7 1 2933 867 2014
63 3922 238 3923 7
1 867 55 3616 4
1242 63 30 708 7
1 3616 3669 3924 3925
3926 7 1 867 2933
3790 63 989 1333 3927
3928 238 3929 63 107
2416 83 3930 7 1
867 2933 78 1457 12
1736 3931 176 78 1457
696 1212 3932 2024 91
489 7 1 1927 78
694 19 3933 63 3934
179 78 43 13 14
3935 238 1356 3936 958
3937 411 63 2502 601
1165 3938 3939 7 1
1927 406 2467 48 19
63 231 456 45 3940
1486 814 3941 78 523
1049 344 1637 3942 83
3943 601 238 1227 63
956 7 1 1927 47
63 664 83 3944 3945
221 145 3946 52 45
242 3947 86 3948 3949
100 3950 67 3951 7
1 713 254 107 78
182 220 100 22 88
456 45 3952 3953 3954
382 64 492 30 504
448 3955 3956 720 7
1 343 2933 297 238
33 710 3957 3958 242
843 100 3959 87 3037
7 1 291 2595 36
78 388 1640 48 390
391 7 1 713 3960
912 387 3961 42 95
259 403 24 83 3643
221 117 1992 423 45
3962 3824 7 1 3963
1270 202 238 390 3964
242 164 3965 3751 1809
2039 45 3966 24 3967
392 24 3968 7 1
153 1639 156 277 179
42 2936 45 389 47
67 222 45 52 83
950 4 3969 185 393
7 1 153 40 371
238 3970 461 1333 78
852 80 83 950 16
3971 54 3972 45 3973
129 156 3974 7 1
153 40 1762 371 2499
83 407 102 78 320
1862 100 3975 2508 3976
67 47 93 3297 7
1 3977 83 3978 3211
100 238 3209 3979 45
119 3980 3981 918 30
1454 93 3290 48 3982
3912 188 3983 7 1
3984 78 96 83 3985
24 1265 475 1527 83
33 190 652 100 3986
2187 475 320 168 78
3905 47 30 2276 7
1 3987 3988 679 7
1 316 3989 7 1
153 2846 7 1 1626
78 52 200 3990 176
529 270 231 456 45
82 3991 7 1 3992
47 270 806 164 3310
100 51 389 42 1538
282 64 82 3993 3994
791 78 3995 358 3996
3997 7 1 72 3998
3999 7 1 1590 3205
1390 176 78 202 4000
15 4001 54 42 179
42 222 4002 4003 4004
7 1 1590 714 237
42 161 83 149 1224
2189 7 1 4005 221
305 24 4006 4007 3030
4008 4009 4010 117 1656
4011 45 4012 4013 4014
7 1 2426 11 361
80 24 238 155 54
4015 388 1639 42 277
221 76 2726 393 7
1 228 4016 4017 54
83 174 4018 982 141
7 1 40 1376 238
4019 4 4020 1242 2934
4021 424 63 856 231
100 358 4022 4023 14
687 4024 4025 7 1
3810 2548 78 723 4026
52 2404 7 1 63
47 95 156 87 63
331 80 3089 100 4027
91 19 1720 2041 3600
7 1 2933 64 209
174 209 47 395 4028
7 1 883 2876 78
202 759 47 157 822
80 237 4029 7 1
2876 4030 202 1052 47
1753 349 100 1054 179
353 4031 349 4032 7
1 883 78 107 204
237 19 468 4033 376
42 2201 55 1843 179
78 1527 664 83 4034
7 1 1972 4035 78
237 1869 164 3404 45
488 238 2824 950 4036
4037 78 361 14 1802
4038 7 1 674 78
220 4039 19 286 4040
156 1333 78 95 320
47 425 67 47 806
358 2307 3676 54 489
7 1 2876 615 680
78 382 95 242 83
4041 221 47 3838 45
4042 7 1 615 4043
4044 86 2876 40 101
45 1992 2823 83 4045
100 837 2544 4046 104
45 1844 2058 7 1
4047 4048 4049 7 1
2876 4050 4051 7 1
713 78 723 204 4052
7 1 2609 2775 427
450 2041 4053 78 510
100 237 168 7 1
4054 95 161 45 416
65 238 4055 115 4
30 117 202 167 238
4056 67 242 4057 4058
7 1 2 4059 14
4060 1222 67 4061 4062
356 3071 475 871 1815
122 4063 7 1 3337
47 718 376 242 1264
45 52 238 1421 149
720 4064 1222 7 1
3963 4065 4066 78 723
101 45 2334 42 962
87 740 4067 2041 7
1 3575 430 4068 4069
7 1 2921 30 51
40 1508 2399 401 3910
163 4070 14 4071 7
1 2921 806 156 2052
45 82 4072 4073 3741
48 4074 358 4075 521
2051 4076 4077 297 358
3755 3936 407 78 1403
24 4078 7 1 2921
2076 67 676 3922 42
1273 1394 2058 7 1
2921 2548 78 995 238
4079 4080 7 1 615
3549 95 221 78 220
4081 182 416 22 4082
305 591 45 4083 238
2307 918 67 1992 4084
7 1 671 1522 2617
7 1 671 202 78
82 19 1543 84 85
100 2014 518 4085 2502
815 115 4086 63 4087
7 1 3286 4088 7
1 160 320 78 879
24 358 913 488 4089
95 45 1052 358 4090
3041 4091 7 1 228
2426 674 19 4092 93
4093 297 358 4094 30
11 3977 238 3828 4095
1460 115 358 4096 7
1 405 238 4097 297
4098 63 1017 7 1
2426 228 674 4099 4100
2607 4100 4101 7 1
4102 4103 118 2506 933
3871 4104 45 759 475
4105 238 4106 4107 7
1 674 76 3131 78
52 15 4108 24 358
149 374 4109 876 7
1 674 188 42 371
45 1052 156 4110 7
1 615 4111 7 1
3291 100 4112 7 1
491 2921 1503 1137 47
912 83 430 4113 4114
579 14 1282 7 1
438 523 42 416 83
16 4115 1300 618 78
4116 7 1 438 388
42 4117 238 1629 4118
376 242 2832 45 4119
238 4120 2235 45 238
645 78 361 1356 1471
7 1 438 78 694
237 40 1869 4121 4122
54 238 1356 3407 4123
4124 78 884 297 4125
3489 4126 65 4127 7
1 255 167 19 209
4128 4129 598 4130 221
4128 4131 1704 122 4132
115 4133 7 1 1972
491 2548 1663 78 995
4134 4135 238 4136 4137
601 78 4138 24 4139
1527 2058 1684 7 1
491 605 267 4140 4141
2762 19 763 115 4142
7 1 1972 495 242
331 24 83 4143 3418
15 14 687 7 1
4144 7 1 4145 1774
14 4039 55 4146 7
1 405 430 4147 7
1 1989 75 63 19
51 42 188 13 4148
7 1 228 194 4149
78 4150 4151 19 4152
40 4153 54 358 2576
4154 100 4155 4156 7
1 194 228 67 4157
24 83 4158 63 238
4159 7 1 194 228
4160 24 447 4161 4162
63 3816 4163 4164 7
1 194 228 4165 645
4166 16 67 63 4167
618 4168 4169 7 1
228 194 475 2196 48
4170 43 30 4171 7
1 194 228 353 340
540 7 1 4172 194
19 231 63 4173 4174
87 376 242 179 331
43 83 4175 1168 19
4176 7 1 67 51
63 19 4177 4178 4179
117 188 4180 598 4181
475 2196 48 4182 1036
4183 7 1 1195 4184
3127 525 45 4185 15
100 172 802 4186 45
4187 7 1 677 1284
4188 4189 7 1 677
856 52 42 67 4190
696 2499 2593 1923 45
3941 7 1 677 1140
229 52 42 12 2466
28 65 4191 685 237
76 12 83 4192 7
1 152 4193 2595 2832
7 1 4194 4195 4196
14 4197 742 338 358
4198 3562 45 238 4199
55 4200 4201 7 1
78 96 935 4202 19
4203 24 358 913 338
51 4204 221 83 3458
4205 4206 14 83 1471
7 1 1827 615 78
908 52 22 4207 4208
238 270 456 366 4209
19 93 86 64 1092
4210 4211 7 1 4212
3307 100 238 501 2022
24 4213 7 1 3285
1451 7 1 4104 4214
48 63 64 107 164
4215 2185 7 1 343
829 4216 196 7 1
491 4217 2548 4218 956
408 78 541 4219 11
64 605 83 535 3936
48 912 4220 4221 54
4222 4223 76 83 4224
7 1 4217 1656 156
164 4220 67 821 4225
176 401 402 491 4226
78 1085 861 83 820
821 4227 7 1 4217
491 3285 4228 4229 343
78 4230 4136 4231 4232
30 2276 4233 7 1
491 1639 630 383 83
99 45 1651 238 4234
1377 4235 7 1 1241
714 237 83 108 4236
481 45 687 7 1
4237 4238 4239 1138 156
4240 182 183 14 4241
176 78 694 4242 14
489 7 1 491 4243
430 308 7 1 1138
975 4244 54 1177 67
4245 353 64 2218 24
1869 474 4244 202 242
4246 3495 2220 4247 2489
7 1 48 372 63
108 2846 720 598 4248
2 761 4249 48 78
523 871 941 4250 4251
7 1 1976 270 65
238 391 679 7 1
194 198 3196 679 7
1 194 198 856 4252
475 1268 4253 145 4254
209 179 262 2987 4255
4256 4257 4258 7 1
194 198 2899 850 42
188 2822 4259 7 1
198 4260 366 4261 29
78 718 4262 67 78
220 238 270 494 475
182 759 229 4263 67
4264 47 63 188 238
550 475 116 489 7
1 4172 93 455 4265
923 238 4266 320 64
4267 7 1 438 78
908 220 78 202 4268
408 414 371 45 239
1504 45 238 4269 1335
100 4270 100 1311 4271
4272 7 1 315 230
238 4273 78 1954 1052
22 2712 24 55 4274
7 1 63 331 83
3407 3486 4275 1335 100
225 4276 4277 4278 4279
7 1 4280 64 4281
225 4126 4281 225 3489
4282 7 1 539 382
242 238 4283 4284 363
176 694 47 63 4285
24 238 4286 100 4287
411 4288 7 1 4289
179 600 376 222 45
52 83 4290 85 115
19 375 115 122 84
1639 156 4291 7 1
179 4273 63 4292 414
1263 24 1916 91 358
4293 54 238 3486 100
83 3407 54 4281 225
4294 7 1 4295 4296
238 4297 14 4298 4299
78 4300 389 78 161
45 2204 238 2195 4301
7 1 78 723 4302
3864 48 65 100 4303
2690 4304 45 156 52
12 559 67 121 100
364 4305 7 1 126
116 711 45 4306 14
4307 7 1 282 64
52 3591 14 83 4308
1259 45 242 4309 54
238 4310 4311 691 4312
4313 7 1 504 19
63 4314 225 4315 83
4316 100 4317 252 4318
7 1 72 255 64
4319 78 4320 176 78
52 200 2898 229 4321
47 388 2554 206 14
2058 7
