0.1704666 0.2186711 0.2803888 0.3591348 0.4590767
0.5850131 0.7422714 0.936496 1.173306 1.45781
1.793997 2.184038 2.627585 3.121168 3.657817
4.227007 4.815022 5.405726 5.9817 6.525602
7.02157 7.456481 7.820892 8.109569 8.321547
8.459794 8.530552 8.542481 8.505757 8.431205
8.329565 8.210927 8.084338 7.957577 7.83706
7.727854 7.633742 7.557339 7.500212 7.462998
7.44551 7.446834 7.465403 7.499066 7.545153
7.60055 7.661769 7.725054 7.786496 7.842167
7.888282 7.921356 7.938373 7.936934 7.915385
7.872902 7.809533 7.726185 7.624569 7.507091
7.376718 7.236818 7.090992 6.942918 6.796206
6.65428 6.520287 6.397036 6.286963 6.192117
6.114163 6.054402 6.013783 5.992927 5.992146
6.011449 6.050547 6.108849 6.185452 6.279124
6.388288 6.511017 6.645022 6.787671 6.936014
7.086838 7.236741 7.382234 7.519864 7.64635
7.758726 7.854484 7.931698 7.989123 8.026262
8.043389 8.041536 8.022429 7.988406 7.94229
7.887268 7.826746 7.764221 7.703164 7.646916
7.598605 7.561087 7.536904 7.52825 7.536953
7.564465 7.611846 7.679754 7.768421 7.877635
8.00671 8.154453 8.319136 8.49847 8.689594
8.889084 9.092983 9.296871 9.49597 9.685281
9.859769 10.01456 10.14518 10.24774 10.31918
10.35743 10.36149 10.33152 10.26883 10.17571
10.0554 9.911778 9.749189 9.572167 9.385193
9.192448 8.997597 8.803594 8.612513
